239 784 416 784 416 855 239 855 256 
1611 2211 1764 2211 1764 2270 1611 2270 180 
1918 1859 2262 1859 2262 1964 1918 1964 151 
2070 1133 2281 1133 2281 1194 2070 1194 50 
265 2260 467 2260 467 2304 265 2304 50 
1607 1025 1837 1025 1837 1093 1607 1093 50 
794 1133 1012 1133 1012 1194 794 1194 49 
762 2079 1009 2079 1009 2132 762 2132 48 
950 2080 1170 2080 1170 2131 950 2131 48 
888 2722 1100 2722 1100 2770 888 2770 46 
447 1236 688 1236 688 1298 447 1298 45 
1817 1236 2029 1236 2029 1302 1817 1302 45 
2094 1026 2294 1026 2294 1094 2094 1094 45 
905 2786 1118 2786 1118 2834 905 2834 44 
1437 2644 1658 2644 1658 2694 1437 2694 44 
1087 2863 1270 2863 1270 2911 1087 2911 39 
391 2785 614 2785 614 2834 391 2834 38 
1086 373 1261 373 1261 421 1086 421 38 
428 2644 666 2644 666 2695 428 2695 36 
846 2646 1058 2646 1058 2693 846 2693 36 
1434 1138 1640 1138 1640 1197 1434 1197 35 
1910 2643 2121 2643 2121 2695 1910 2695 34 
1243 2862 1395 2862 1395 2911 1243 2911 33 
1204 1236 1376 1236 1376 1303 1204 1303 30 
1283 2259 1478 2259 1478 2307 1283 2307 29 
600 873 798 873 798 941 600 941 28 
418 1034 575 1034 575 1092 418 1092 28 
642 1435 828 1435 828 1498 642 1498 27 
476 2078 692 2078 692 2129 476 2129 27 
987 1026 1200 1026 1200 1091 987 1091 25 
572 2258 697 2258 697 2305 572 2305 25 
1392 1024 1572 1024 1572 1094 1392 1094 25 
605 1026 777 1026 777 1096 605 1096 25 
241 707 414 707 414 776 241 776 24 
1716 1133 1876 1133 1876 1196 1716 1196 24 
757 2261 969 2261 969 2305 757 2305 23 
808 1238 989 1238 989 1300 808 1300 23 
1591 1238 1776 1238 1776 1301 1591 1301 23 
503 706 670 706 670 775 503 775 23 
1918 1025 2065 1025 2065 1092 1918 1092 23 
1425 1239 1571 1239 1571 1300 1425 1300 22 
780 1028 958 1028 958 1093 780 1093 22 
1208 1132 1365 1132 1365 1198 1208 1198 22 
696 708 811 708 811 773 696 773 22 
1080 2258 1196 2258 1196 2304 1080 2304 22 
240 2082 356 2082 356 2131 240 2131 21 
1070 1131 1169 1131 1169 1199 1070 1199 21 
833 875 943 875 943 942 833 942 21 
1250 1029 1385 1029 1385 1090 1250 1090 20 
239 1134 376 1134 376 1198 239 1198 20 
426 1132 576 1132 576 1196 426 1196 20 
239 1239 331 1239 331 1301 239 1301 20 
251 873 345 873 345 942 251 942 20 
1276 373 1411 373 1411 420 1276 420 19 
1915 1135 2112 1135 2112 1198 1915 1198 18 
315 2724 466 2724 466 2768 315 2768 17 
1035 1237 1186 1237 1186 1300 1035 1300 17 
617 1137 717 1137 717 1196 617 1196 17 
234 2786 330 2786 330 2834 234 2834 16 
238 2646 320 2646 320 2695 238 2695 16 
930 1435 1014 1435 1014 1498 930 1498 16 
439 875 541 875 541 942 439 942 13 
1088 1436 1159 1436 1159 1499 1088 1499 11 
1612 2250 1733 2250 1733 2310 1612 2310 11 
481 1438 575 1438 575 1498 481 1498 10 
1753 1847 1824 1847 1824 1923 1753 1923 9 
1029 524 1106 524 1106 606 1029 606 9 
724 1846 795 1846 795 1923 724 1923 9 
223 1434 285 1434 285 1503 223 1503 8 
336 1433 397 1433 397 1499 336 1499 8 
1407 536 1481 536 1481 612 1407 612 8 
1066 1849 1134 1849 1134 1921 1066 1921 7 
1413 1850 1479 1850 1479 1921 1413 1921 7 
236 2719 298 2719 298 2775 236 2775 7 
1215 526 1288 526 1288 606 1215 606 7 
