651 271 1029 246 1077 997 699 1022 69 
509 1657 889 1655 859 2413 479 2415 64 
266 647 681 594 781 1419 366 1471 63 
707 2224 1081 2226 1076 2962 702 2960 52 
993 1619 1402 1608 1362 2407 953 2418 49 
1587 35 1927 312 1228 853 887 576 32 
311 2210 716 2185 893 2964 488 2989 31 
1390 2225 1754 2189 1893 2921 1529 2957 31 
616 2 1012 249 522 1033 126 786 27 
1862 2150 2307 2222 2180 3102 1735 3029 26 
1093 426 1452 621 1061 1334 702 1139 17 
877 962 1324 1001 1246 1841 799 1801 14 
1922 1371 2354 1372 2128 2194 1696 2193 9 
609 2002 952 1852 1674 1901 1331 2051 8 
834 2104 1138 2321 436 2161 132 1943 5 
1500 2102 1803 2298 1098 2150 795 1953 5 
474 776 791 686 1592 775 1275 865 5 
1755 2117 2205 2164 2180 2342 1730 2294 5 
85 1975 117 1463 1142 1528 1109 2040 4 
1494 245 1772 334 955 273 676 183 4 
1616 724 2157 885 2108 1064 1567 903 4 
1243 575 1634 995 1502 1130 1110 710 4 
417 2658 800 2838 638 3189 255 3009 4 
1060 565 1326 408 953 912 687 1068 3 
2337 2446 2680 2508 1999 2789 1657 2728 3 
961 2114 1429 2109 1443 3064 975 3069 3 
169 1620 726 2065 735 2308 178 1863 3 
1568 1019 1898 1541 1579 1724 1249 1202 3 
652 1872 610 1747 941 2036 983 2161 3 
849 2758 1474 2943 1367 3199 742 3013 3 
71 564 604 531 613 695 81 729 3 
1716 1255 2220 1108 2280 1267 1776 1414 3 
2255 532 2437 1120 2330 1166 2147 579 3 
893 2236 1164 2402 473 1978 202 1811 2 
1250 968 1536 1104 804 754 518 617 2 
260 2256 530 2033 1113 1552 843 1775 2 
750 392 1044 317 1851 113 1557 187 2 
892 2249 1164 2446 531 1987 259 1790 2 
739 362 1057 314 1853 193 1535 241 2 
567 1067 814 889 1489 405 1241 583 2 
275 1808 532 1971 1233 2418 977 2255 2 
1233 1058 1481 1236 806 753 558 575 2 
1275 977 1556 1095 789 774 508 656 2 
631 1058 889 809 1422 295 1164 543 2 
900 2244 1147 2409 447 1943 199 1778 2 
900 2249 1149 2422 464 1947 215 1774 2 
1236 1019 1471 1158 718 713 483 574 2 
1212 1068 1468 1291 883 780 628 558 2 
1287 929 1583 1010 784 792 488 712 2 
221 2212 506 2031 1163 1613 878 1794 2 
924 2146 1233 2279 516 1970 207 1837 2 
1148 1044 1413 1261 816 773 551 557 2 
781 2282 1039 2079 1662 1586 1405 1789 2 
204 1030 480 810 1067 343 791 563 2 
243 2258 490 2074 1152 1580 905 1765 2 
916 2178 1219 2350 560 1977 256 1805 2 
1893 2788 2181 2949 1491 2563 1203 2401 2 
1136 2728 1409 2635 2217 2360 1944 2453 2 
1205 1043 1470 1273 900 779 635 550 2 
170 2127 474 2048 1265 1841 961 1920 2 
1260 1020 1555 1194 891 803 596 629 2 
1134 2652 1460 2587 2232 2432 1906 2497 2 
656 410 969 438 1783 512 1469 484 2 
746 2000 1084 2017 1860 2056 1521 2039 2 
354 2311 609 2058 1208 1550 954 1803 2 
118 2567 470 2567 1223 2565 871 2566 2 
909 878 1175 1083 557 607 291 402 2 
814 431 1140 325 1873 82 1547 188 2 
-18 971 332 1050 1060 1207 710 1129 2 
1291 1034 1550 1222 896 747 637 559 2 
818 772 1176 748 437 797 80 821 2 
518 2116 820 2056 1631 1896 1330 1955 2 
949 329 1259 305 2078 242 1768 266 2 
301 2807 584 2580 1154 2122 870 2350 2 
852 2592 1139 2603 285 2569 -2 2557 2 
187 2205 474 2019 1120 1600 832 1786 2 
1182 1466 1502 1548 736 1352 416 1269 2 
1871 2420 2187 2256 1525 2598 1209 2762 2 
614 1799 870 1967 1561 2424 1306 2256 2 
516 1037 764 860 1443 380 1195 556 2 
756 1924 1110 2005 1823 2164 1469 2083 2 
1141 742 1470 844 738 614 409 513 2 
645 1941 990 1984 1739 2077 1394 2034 2 
1010 364 1350 287 2091 121 1751 198 2 
356 807 639 678 1389 343 1106 472 2 
1175 2671 1512 2596 2257 2419 1921 2494 2 
1131 598 1433 559 609 659 306 698 2 
67 2112 349 2049 1186 1881 903 1943 2 
1465 320 1750 226 949 472 664 565 2 
763 559 1223 823 539 623 78 360 2 
773 376 1120 320 1869 207 1522 263 2 
1177 2778 1448 2607 2139 2192 1867 2363 2 
517 706 840 802 1583 1042 1260 946 2 
2365 1128 2489 2066 2395 2078 2272 1141 2 
945 426 1275 316 1988 52 1658 162 2 
1128 2254 1388 2498 846 1990 586 1745 2 
680 1710 972 1758 1803 1859 1511 1811 2 
320 2090 622 2047 1435 1915 1133 1957 2 
1412 2109 2081 1910 2110 2043 1441 2242 2 
738 369 1086 278 1797 115 1449 206 2 
1245 816 1619 895 852 765 478 687 2 
859 1936 1185 1906 374 1983 49 2013 2 
580 543 829 764 1441 1259 1192 1038 2 
313 2427 369 3426 317 3428 260 2429 2 
1339 2173 1634 2332 948 1957 653 1798 2 
2176 1798 2499 1856 1736 1798 1413 1740 2 
624 2191 923 2022 1611 1680 1312 1848 2 
1001 2048 1306 2042 476 2010 171 2015 2 
524 37 1070 -208 1230 90 684 335 2 
859 2260 883 1249 915 1249 891 2260 2 
2386 1764 2590 2661 2224 2760 2019 1863 2 
1164 647 1526 685 797 653 435 616 2 
1116 2334 1650 2894 1647 2833 1113 2272 2 
2061 2677 2417 3380 2358 3411 2002 2707 2 
574 2300 888 3040 805 3074 491 2334 2 
2137 2535 2518 2590 1823 2502 1443 2447 2 
1331 2611 2012 2733 1998 2880 1317 2758 2 
544 1614 486 1258 770 1610 828 1965 2 
1002 2672 1308 2711 500 2540 194 2501 2 
943 2417 1248 2643 1171 2770 866 2544 2 
651 1275 1229 1445 1176 1625 599 1454 2 
2214 2918 2255 1948 2294 1950 2253 2920 2 
138 1231 562 1519 418 1738 -6 1449 2 
209 3493 1182 3467 1183 3482 209 3508 2 
170 2487 484 2552 463 2659 150 2594 2 
880 1891 1233 1660 1245 1783 893 2015 2 
143 607 484 1322 241 1485 -101 769 2 
214 1809 554 2205 434 2324 94 1928 2 
2290 1323 2449 1457 2374 1089 2215 955 2 
461 705 379 618 691 798 773 885 2 
1016 1246 1395 742 1539 829 1160 1333 2 
548 3131 1478 3501 1469 3523 539 3153 2 
1810 2010 1802 1577 1835 2100 1843 2533 2 
52 463 54 1366 14 1366 12 463 2 
730 2044 785 2977 720 2979 665 2046 2 
279 375 657 1036 558 1087 180 425 2 
184 1313 566 1313 573 1438 190 1437 2 
2334 2367 2398 2828 2367 2344 2303 1883 2 
1728 1773 2282 2099 2187 2244 1632 1919 2 
1315 1589 1815 2204 1654 2354 1154 1739 2 
1438 731 1828 939 1781 1026 1391 819 2 
1814 1321 2038 1599 1975 1302 1751 1023 2 
447 2035 896 2627 810 2694 361 2102 2 
1381 2519 1734 2628 1543 3247 1191 3138 2 
278 2487 291 2951 306 2467 292 2003 2 
975 2855 1539 2675 1597 2856 1034 3037 2 
113 387 555 306 585 465 142 546 2 
1802 1038 2365 473 2472 579 1909 1144 2 
1652 1057 2229 1529 2090 1702 1513 1230 2 
2022 1829 2067 2493 1991 2499 1946 1835 2 
170 458 521 946 327 1099 -24 611 2 
873 2458 890 3429 830 3430 812 2459 2 
1803 716 1838 1189 1824 733 1790 260 2 
1870 1872 2252 1976 2216 2073 1835 1969 2 
743 501 1330 269 1370 411 782 643 2 
644 2261 1149 1787 1256 1912 751 2386 2 
1293 -320 1600 56 1184 395 877 19 2 
1201 371 1315 1121 1198 1145 1083 396 2 
1250 2354 1727 2012 1867 2169 1389 2510 2 
1020 2663 1319 2769 1283 2898 984 2792 2 
1435 1211 1721 1221 1720 1263 1433 1253 2 
993 3465 1051 2526 1077 2528 1019 3466 1 
309 1203 613 2110 601 2114 298 1207 1 
1029 1022 1296 65 1375 87 1109 1044 1 
2369 383 2393 1151 2380 1152 2356 383 1 
1505 192 2316 803 2309 812 1498 201 1 
247 2861 756 1968 757 1969 248 2861 1 
846 2908 1589 2241 1592 2244 849 2911 1 
156 3235 241 2327 254 2329 169 3237 1 
123 3087 169 2079 188 2079 142 3088 1 
1357 122 1671 932 1602 959 1287 149 1 
1664 982 1677 2001 1666 2002 1654 982 1 
44 1672 61 2658 12 2659 -4 1673 1 
712 3427 739 2406 743 2406 716 3427 1 
1369 3264 2383 3245 2383 3272 1369 3291 1 
931 1147 1285 2081 1282 2082 928 1148 1 
1532 2267 2443 2370 2437 2429 1525 2325 1 
19 2040 23 1031 45 1031 42 2040 1 
844 2577 1233 3500 1227 3503 839 2579 1 
1991 2662 2053 1642 2056 1642 1994 2662 1 
1190 2127 1244 1135 1249 1136 1194 2127 1 
2177 2169 2177 3154 2151 3154 2151 2169 1 
2459 1621 2460 2637 2455 2637 2455 1621 1 
2004 2312 2151 1319 2173 1322 2027 2316 1 
1036 3215 1368 2556 1420 2583 1088 3241 1 
1418 2226 2168 2867 2161 2875 1411 2234 1 
576 1376 579 2240 554 2240 551 1376 1 
1606 225 2030 811 2017 820 1594 234 1 
397 2303 548 1312 606 1321 454 2312 1 
2021 246 2086 1177 2068 1178 2003 247 1 
628 2592 1642 2568 1642 2574 628 2598 1 
1735 1064 1771 2028 1746 2029 1710 1065 1 
1510 -8 1726 940 1662 955 1446 6 1 
1430 2496 1571 3345 1536 3350 1396 2502 1 
1860 1430 1959 2397 1899 2403 1800 1436 1 
444 1384 455 2353 351 2354 340 1385 1 
2337 1290 2421 276 2447 279 2364 1292 1 
1467 2922 2351 3368 2329 3410 1446 2964 1 
2079 1283 2085 2238 2072 2238 2065 1283 1 
1470 2633 1624 1617 1627 1617 1473 2633 1 
1608 150 2475 613 2462 637 1595 174 1 
2304 4 2320 996 2295 996 2278 5 1 
13 2251 272 1276 295 1282 35 2257 1 
461 3122 1297 3214 1294 3246 457 3154 1 
1249 860 1896 161 1910 174 1263 874 1 
1261 1529 1263 2551 1243 2551 1241 1529 1 
1652 2631 1688 3435 1679 3436 1643 2632 1 
1839 1036 1848 24 1879 24 1870 1036 1 
1249 2245 1250 3198 1229 3198 1229 2245 1 
1719 2579 1874 3475 1840 3481 1684 2585 1 
1928 1981 2100 2991 2081 2994 1910 1984 1 
1575 1956 1620 2974 1616 2974 1571 1956 1 
754 1317 1548 1933 1544 1939 749 1323 1 
922 1282 1589 1836 1568 1862 901 1307 1 
1895 2009 1969 3015 1887 3021 1813 2015 1 
1344 2235 1528 1610 1556 1618 1372 2244 1 
284 1103 285 2093 278 2093 277 1103 1 
34 589 227 1560 219 1562 26 591 1 
1510 2924 2439 3364 2435 3372 1506 2933 1 
2404 1752 2441 729 2450 730 2412 1752 1 
540 3168 1503 3482 1499 3491 536 3177 1 
866 1961 1872 2134 1869 2149 864 1977 1 
360 1326 901 2147 857 2176 316 1355 1 
2037 2544 2084 3393 2047 3395 2000 2546 1 
113 2996 152 1979 157 1979 118 2997 1 
1012 2962 1020 2007 1052 2007 1045 2962 1 
1711 1172 2372 399 2396 420 1735 1193 1 
930 2298 1468 3113 1427 3140 890 2324 1 
759 3112 1619 3116 1619 3170 758 3165 1 
977 3012 1924 2692 1941 2743 994 3063 1 
1265 2539 1265 3400 1160 3400 1159 2539 1 
1437 1310 1492 292 1498 292 1443 1311 1 
1682 2078 2433 2671 2425 2681 1674 2088 1 
533 1230 654 2248 642 2250 520 1231 1 
1944 3287 2429 2397 2438 2402 1952 3292 1 
693 3418 1572 2881 1575 2887 697 3424 1 
1084 2101 1547 1273 1650 1330 1186 2159 1 
181 196 1057 341 1052 375 175 231 1 
611 2913 1266 2134 1278 2144 623 2923 1 
412 2862 1141 2152 1146 2157 417 2867 1 
1541 237 1792 1213 1787 1215 1536 238 1 
1446 1899 1528 2894 1519 2895 1437 1900 1 
3 2053 778 1436 838 1512 64 2129 1 
1498 967 1920 32 1926 35 1504 970 1 
177 1427 193 549 211 549 195 1427 1 
5 2896 887 3175 879 3201 -3 2922 1 
1237 3188 1317 2176 1322 2177 1242 3189 1 
1911 2345 1930 1350 1957 1350 1938 2345 1 
74 3004 111 1996 127 1996 90 3005 1 
1241 423 2090 34 2094 43 1245 433 1 
854 2090 1545 1411 1557 1424 866 2103 1 
1011 1099 1029 1896 987 1897 970 1100 1 
162 1065 220 103 242 105 184 1066 1 
1179 1164 1529 482 1865 654 1516 1336 1 
1367 2009 2384 1903 2390 1958 1373 2063 1 
1210 -7 1811 715 1708 800 1107 79 1 
26 1551 996 1875 983 1913 14 1590 1 
343 2468 466 3470 441 3473 318 2471 1 
2446 1964 2447 2830 2423 2830 2423 1964 1 
2073 2325 2131 3129 2097 3132 2039 2328 1 
1483 2564 1509 1585 1595 1587 1569 2566 1 
16 117 16 1093 5 1093 5 117 1 
687 2235 785 1664 830 1672 731 2243 1 
1437 1300 2044 2082 2005 2112 1397 1331 1 
2158 2708 2422 3210 2348 3249 2085 2747 1 
1988 2426 1988 3372 1960 3372 1960 2426 1 
964 1603 1893 1298 1896 1306 966 1611 1 
33 2333 34 1338 39 1338 37 2333 1 
1943 34 2039 1035 1998 1039 1901 38 1 
2035 3151 2300 2389 2336 2401 2070 3163 1 
1273 887 2082 317 2092 331 1282 900 1 
2272 2671 2292 1921 2310 1922 2289 2671 1 
2357 2309 2358 1288 2364 1288 2364 2309 1 
18 442 1004 428 1004 440 19 453 1 
1008 -21 1615 550 1477 697 870 126 1 
1162 1713 2096 1348 2110 1384 1176 1750 1 
995 1975 1485 1195 1499 1203 1009 1984 1 
2018 256 2119 1258 2111 1259 2011 257 1 
2413 1786 2413 760 2432 760 2432 1786 1 
1180 1295 1180 285 1189 285 1188 1295 1 
2338 350 2490 1224 2454 1230 2301 356 1 
1335 3272 2250 2810 2251 2811 1336 3274 1 
2393 746 2490 1746 2470 1748 2373 748 1 
2434 1854 2434 851 2441 851 2441 1854 1 
2011 1556 2280 2520 2238 2531 1970 1567 1 
1726 1260 1771 2270 1694 2274 1649 1263 1 
2111 1958 2124 947 2143 948 2130 1958 1 
826 2586 1791 2367 1792 2370 826 2589 1 
1508 2198 2126 2857 2084 2896 1466 2237 1 
2136 1638 2137 2528 2125 2528 2124 1638 1 
1176 244 2158 382 2157 388 1175 250 1 
591 1002 1476 491 1480 498 594 1009 1 
1391 2466 1717 3320 1659 3343 1333 2488 1 
1105 2551 1773 2942 1768 2951 1100 2560 1 
2211 3157 2349 2238 2369 2241 2232 3160 1 
1030 2083 1473 1300 1489 1309 1047 2092 1 
2230 2098 2358 3116 2340 3119 2212 2101 1 
875 3055 1695 3244 1652 3431 832 3241 1 
1680 888 1721 1621 1681 1623 1640 890 1 
843 1389 1156 2362 1154 2363 840 1389 1 
108 1159 369 2148 350 2153 89 1164 1 
955 947 1167 1658 1094 1679 882 969 1 
1891 3012 1983 2057 2013 2060 1920 3015 1 
1451 3233 2325 2968 2330 2985 1456 3249 1 
221 1232 569 1760 538 1780 191 1252 1 
825 1167 864 2118 854 2118 816 1167 1 
553 1575 1294 1603 1289 1718 549 1690 1 
1543 956 1562 1924 1545 1924 1526 956 1 
259 2857 660 2070 704 2092 303 2880 1 
693 2901 1455 2248 1470 2265 708 2918 1 
1608 2600 2344 3301 2336 3310 1599 2609 1 
121 1913 238 955 252 957 136 1915 1 
1546 2605 1912 1732 1922 1737 1557 2609 1 
1869 2043 1891 1138 1926 1139 1904 2043 1 
757 2125 808 1167 928 1173 877 2132 1 
874 1960 1885 1836 1890 1875 879 1999 1 
789 1215 895 642 939 650 834 1223 1 
571 77 575 925 556 925 552 77 1 
208 553 1133 147 1141 166 216 572 1 
1107 835 2058 659 2065 693 1113 868 1 
479 837 1059 77 1075 89 495 849 1 
132 1122 133 105 147 105 145 1122 1 
1465 220 2007 641 1988 665 1446 245 1 
1076 1716 1590 2378 1579 2387 1065 1725 1 
1623 2017 2110 1312 2117 1317 1630 2023 1 
1424 2549 1778 1609 1804 1619 1449 2559 1 
1968 3024 1996 2002 2007 2003 1979 3024 1 
165 583 959 7 969 20 175 596 1 
289 2474 552 3142 486 3168 222 2500 1 
488 1769 1301 1643 1319 1758 506 1884 1 
608 2227 639 1208 681 1209 650 2228 1 
1867 374 2288 1290 2275 1296 1854 380 1 
139 3362 1034 2977 1038 2986 143 3371 1 
813 1215 824 2205 794 2206 782 1215 1 
1591 318 1597 1342 1592 1342 1587 318 1 
1083 3052 1201 2054 1227 2057 1109 3055 1 
-124 3082 155 2092 288 2130 9 3120 1 
2024 2450 2031 3466 2028 3466 2021 2450 1 
138 1811 148 2794 131 2794 121 1812 1 
151 1966 152 1140 258 1140 257 1966 1 
1705 3429 2433 3300 2443 3354 1714 3483 1 
1595 37 2050 618 2023 639 1567 59 1 
1339 1050 1348 2063 1328 2063 1319 1050 1 
1035 1225 1052 2194 1041 2195 1024 1225 1 
200 1071 211 258 268 258 257 1072 1 
1426 193 2294 710 2283 729 1415 212 1 
1163 3115 2058 3320 2055 3334 1160 3128 1 
1400 1455 1806 2353 1797 2357 1391 1459 1 
1190 1843 2198 1707 2205 1758 1197 1894 1 
2122 3339 2304 2328 2306 2329 2124 3339 1 
1124 1810 1989 1846 1988 1854 1124 1817 1 
1742 1147 1945 207 1995 218 1792 1158 1 
1134 2023 1247 2951 1234 2952 1121 2025 1 
1677 64 1721 995 1687 997 1642 66 1 
240 3423 820 2749 928 2841 348 3516 1 
507 439 1486 641 1485 648 505 445 1 
625 712 1625 900 1624 904 625 716 1 
1126 1972 1135 2618 1073 2618 1064 1973 1 
2210 2581 2454 3370 2402 3385 2158 2597 1 
484 796 1171 160 1203 194 516 830 1 
2025 2998 2068 1984 2073 1984 2030 2998 1 
1619 1591 1821 2172 1772 2190 1569 1608 1 
1437 2859 2309 3134 2303 3154 1431 2879 1 
1310 3342 2045 2649 2061 2667 1326 3360 1 
1071 2506 1090 3218 1054 3219 1036 2507 1 
439 52 927 827 903 842 415 68 1 
88 706 185 1685 169 1687 72 708 1 
381 186 1076 278 1069 333 373 241 1 
1204 2784 1920 2075 1929 2084 1212 2793 1 
724 1134 1536 601 1547 618 735 1151 1 
1902 1824 2018 2787 1998 2789 1882 1826 1 
1704 1240 2003 278 2018 283 1718 1245 1 
1277 2180 1277 1167 1286 1167 1285 2180 1 
1309 1549 1930 2352 1914 2365 1292 1562 1 
369 2968 392 1945 411 1945 388 2969 1 
2314 1722 2338 2586 2332 2586 2308 1722 1 
1011 3158 1966 2987 1971 3012 1015 3184 1 
2275 0 2290 947 2284 947 2269 0 1 
-3 2151 131 1138 136 1139 2 2152 1 
1193 1687 1780 2476 1772 2482 1185 1693 1 
1315 146 2158 35 2165 86 1322 197 1 
2059 1234 2466 2179 2458 2183 2051 1237 1 
1855 1178 2444 535 2473 562 1885 1205 1 
900 2683 1609 2382 1643 2462 934 2763 1 
1652 2415 2435 1754 2451 1773 1668 2434 1 
2257 950 2337 1924 2318 1925 2238 951 1 
497 2862 1115 2176 1155 2212 537 2899 1 
1014 1197 1161 205 1182 208 1035 1200 1 
1657 238 1662 1183 1644 1183 1639 238 1 
1415 1220 1882 362 1914 380 1447 1238 1 
910 1919 1197 2896 1186 2900 899 1922 1 
1362 61 2122 687 2102 711 1342 85 1 
2318 2684 2320 3275 2262 3276 2260 2684 1 
1665 86 1748 1068 1736 1069 1654 87 1 
2002 2365 2187 3248 2172 3251 1987 2369 1 
1431 1043 2304 596 2338 662 1465 1110 1 
2196 243 2347 1217 2337 1218 2186 245 1 
742 2128 1031 1482 1138 1530 849 2176 1 
1652 1273 1733 2282 1714 2284 1632 1274 1 
27 1651 300 2609 288 2613 15 1654 1 
176 1429 254 2392 211 2395 133 1433 1 
24 1456 804 2084 797 2093 16 1465 1 
1366 281 1400 1304 1368 1305 1334 282 1 
960 2661 1240 3472 1213 3481 933 2670 1 
1942 2100 2110 1193 2181 1206 2013 2113 1 
1341 2064 1984 1310 2027 1347 1385 2101 1 
80 1313 286 2313 260 2318 54 1319 1 
82 2213 333 1327 405 1348 155 2234 1 
1719 2647 1733 1638 1738 1638 1724 2647 1 
175 733 827 32 843 47 191 748 1 
1929 1179 2166 2039 2145 2045 1908 1185 1 
770 813 1717 853 1717 860 770 821 1 
1667 3508 1667 2539 1675 2539 1675 3508 1 
1603 2397 2170 1593 2178 1598 1611 2403 1 
192 1364 211 2380 202 2380 182 1364 1 
1618 934 1619 1770 1561 1770 1561 934 1 
2270 1603 2352 2450 2329 2452 2247 1605 1 
1115 2142 1123 1144 1198 1145 1190 2143 1 
901 2371 978 1360 1012 1363 935 2374 1 
868 1116 1090 2110 1071 2114 848 1120 1 
228 24 230 1052 226 1052 224 24 1 
1051 1353 1240 350 1247 351 1058 1355 1 
955 1938 1075 2951 1050 2954 930 1941 1 
1294 1447 1321 2423 1295 2423 1269 1447 1 
1595 846 2262 391 2357 531 1690 985 1 
1844 1043 2037 75 2050 78 1856 1046 1 
1207 1547 1309 2421 1290 2423 1188 1549 1 
1278 1840 2124 1345 2136 1366 1291 1861 1 
1347 2364 1386 1344 1407 1344 1367 2365 1 
1340 1058 1361 60 1364 60 1343 1058 1 
769 2202 1651 1825 1663 1852 781 2229 1 
1523 479 2260 1181 2243 1199 1506 497 1 
703 2429 1667 2653 1664 2668 699 2444 1 
329 1316 339 2256 319 2256 309 1316 1 
47 1951 180 939 240 947 108 1959 1 
1620 897 1858 110 1877 116 1640 903 1 
1208 1236 1540 2104 1517 2112 1186 1244 1 
1289 2226 1369 3241 1355 3242 1275 2227 1 
1093 1279 1550 2172 1541 2177 1083 1284 1 
1885 1795 2112 2762 2089 2767 1862 1800 1 
451 1990 635 2941 613 2946 429 1994 1 
2429 1672 2438 2514 2407 2514 2398 1673 1 
25 333 231 1263 218 1266 12 336 1 
1020 1766 2034 1702 2035 1710 1020 1775 1 
130 2977 369 1997 391 2002 152 2982 1 
1724 2906 1897 1963 1977 1977 1804 2920 1 
1532 2478 1562 3482 1547 3483 1516 2478 1 
1578 2194 2248 2881 2234 2894 1564 2208 1 
2129 2303 2191 1289 2278 1294 2216 2308 1 
399 2179 590 1184 595 1185 403 2179 1 
2339 2197 2368 3146 2359 3147 2330 2197 1 
1173 931 2147 637 2151 652 1178 946 1 
1362 2936 2278 2673 2282 2686 1366 2949 1 
1882 1920 2270 1284 2336 1324 1947 1960 1 
1479 10 2312 581 2299 600 1466 29 1 
1371 1971 1779 1398 1800 1413 1392 1986 1 
788 3035 1736 3253 1731 3274 783 3056 1 
1738 1626 2083 2541 2059 2550 1715 1635 1 
516 1924 992 2693 923 2736 447 1967 1 
67 1296 182 381 200 384 86 1299 1 
829 1019 899 70 944 73 874 1023 1 
560 32 1578 46 1578 60 560 45 1 
1641 2426 1645 3418 1632 3418 1627 2427 1 
1002 2357 1004 1432 1031 1432 1030 2357 1 
1002 2378 1423 1869 1453 1893 1031 2402 1 
2072 1074 2072 2098 2069 2098 2069 1074 1 
44 2263 418 3102 321 3144 -52 2306 1 
954 879 1660 249 1671 261 965 891 1 
1777 143 1884 1087 1735 1104 1628 160 1 
127 1553 934 2080 923 2097 116 1570 1 
1093 492 1971 37 1980 54 1102 508 1 
1889 2630 1932 1640 1941 1640 1898 2631 1 
1845 2721 2509 3289 2447 3361 1783 2794 1 
1639 1908 1738 2771 1697 2776 1599 1913 1 
1967 2288 2005 1309 2015 1310 1977 2289 1 
1891 1074 1903 49 1907 49 1895 1074 1 
1729 2476 1749 3488 1722 3489 1702 2477 1 
1581 86 1581 1041 1572 1041 1572 86 1 
1654 2011 2028 1084 2048 1092 1674 2019 1 
1579 322 1636 1344 1622 1345 1565 323 1 
1400 417 2025 946 1997 981 1371 451 1 
1407 123 1994 745 1929 805 1343 184 1 
655 1198 1074 293 1088 300 669 1205 1 
48 794 110 1763 84 1765 21 796 1 
2015 786 2223 1652 2180 1662 1973 796 1 
877 1535 1216 1953 1171 1989 832 1572 1 
1452 1158 1737 2131 1730 2134 1444 1160 1 
674 2489 1676 2337 1677 2348 676 2501 1 
1088 3212 1910 2791 1944 2857 1122 3278 1 
1265 84 2112 562 2107 571 1260 93 1 
1900 2326 2420 2824 2338 2910 1818 2411 1 
450 1253 1143 1954 1133 1964 440 1263 1 
654 2327 1165 1467 1178 1475 667 2334 1 
68 15 192 776 164 780 40 19 1 
1100 711 1837 36 1844 44 1107 720 1 
1014 1173 1095 2132 1068 2134 987 1175 1 
440 3309 1167 2811 1194 2849 466 3347 1 
1801 3468 1851 2469 1923 2473 1874 3472 1 
437 1082 665 80 685 84 457 1086 1 
35 1915 43 2943 40 2943 32 1915 1 
1393 559 2240 376 2243 387 1396 570 1 
157 849 175 1852 163 1852 146 849 1 
2162 1925 2223 903 2234 904 2174 1926 1 
176 886 177 1886 172 1886 171 886 1 
2138 2669 2253 3485 2225 3489 2110 2673 1 
2249 3198 2272 2178 2279 2178 2256 3198 1 
138 26 893 667 873 690 119 49 1 
1175 2166 1486 3140 1479 3143 1168 2169 1 
314 7 1098 671 1093 676 309 12 1 
2185 1609 2196 2525 2174 2525 2163 1610 1 
581 2435 600 3232 540 3233 521 2436 1 
2134 2004 2377 1114 2385 1116 2142 2006 1 
1422 2743 1672 1798 1710 1808 1461 2753 1 
1234 1053 1930 1697 1878 1753 1183 1109 1 
778 2920 1617 3451 1614 3457 775 2925 1 
1225 349 1931 1053 1922 1061 1216 358 1 
1845 3456 2141 2516 2173 2526 1876 3466 1 
328 3031 1283 2746 1314 2848 359 3134 1 
2327 1211 2405 2151 2352 2155 2274 1216 1 
1665 1121 2418 1820 2404 1836 1650 1136 1 
2074 3407 2084 2463 2095 2463 2085 3407 1 
2343 1835 2445 924 2485 928 2384 1840 1 
807 3346 1682 3055 1690 3080 815 3370 1 
2111 2941 2112 1912 2114 1912 2114 2941 1 
470 1953 543 2896 484 2901 411 1958 1 
1667 1319 1685 294 1689 295 1671 1319 1 
1425 950 1432 1609 1316 1610 1310 951 1 
251 1308 529 2179 515 2184 237 1313 1 
1618 1030 1635 1908 1622 1908 1604 1030 1 
379 499 1401 499 1401 513 379 512 1 
1919 2351 2014 3347 2006 3348 1911 2352 1 
1480 710 2407 392 2412 406 1485 724 1 
1064 3433 2044 3387 2047 3452 1067 3498 1 
1618 1291 1619 2304 1602 2304 1601 1292 1 
1999 2425 2362 2001 2396 2030 2033 2454 1 
1914 1086 2308 1929 2267 1948 1873 1105 1 
1770 1109 1775 351 1795 351 1790 1109 1 
368 2778 1154 3430 1142 3445 356 2793 1 
1517 687 2455 340 2457 346 1519 693 1 
43 2858 259 1882 270 1885 54 2860 1 
1570 1104 1671 2108 1661 2109 1560 1105 1 
2395 2511 2470 3076 2404 3085 2329 2520 1 
750 3448 1586 2881 1595 2895 760 3462 1 
507 3434 1209 2842 1287 2935 585 3526 1 
1522 27 2404 379 2394 403 1513 51 1 
108 1437 811 2171 806 2175 103 1442 1 
1996 1997 2401 2653 2330 2697 1924 2041 1 
1731 1611 2181 2531 2175 2534 1726 1614 1 
1971 2588 1997 1602 2011 1603 1985 2589 1 
1933 2658 2153 1901 2193 1913 1973 2669 1 
2170 2299 2451 1709 2565 1764 2285 2354 1 
2130 2160 2396 3072 2388 3074 2122 2162 1 
320 2216 744 1293 751 1296 327 2219 1 
1335 367 2117 649 2109 670 1327 388 1 
1898 1916 2377 1018 2384 1022 1905 1919 1 
1411 3385 1637 2421 1678 2430 1451 3394 1 
102 302 107 1277 75 1278 70 302 1 
1016 3065 1506 2227 1511 2230 1022 3068 1 
1962 2003 1989 2906 1941 2907 1914 2004 1 
1288 301 1344 1183 1274 1188 1218 306 1 
2387 612 2440 1638 2436 1638 2384 612 1 
425 2122 1178 1676 1191 1697 437 2142 1 
2171 2930 2291 1932 2307 1934 2188 2932 1 
1659 1399 2286 2130 2273 2141 1646 1410 1 
1630 1746 2390 1069 2400 1081 1641 1758 1 
1446 3270 2045 2911 2057 2931 1458 3290 1 
8 1319 92 465 113 467 29 1321 1 
1213 833 1781 52 1799 65 1232 847 1 
2124 1280 2303 2252 2295 2254 2115 1282 1 
749 65 782 964 749 965 717 66 1 
1040 291 1271 1272 1257 1276 1026 294 1 
123 2904 1125 2964 1124 2985 122 2924 1 
1797 2100 1836 3088 1831 3088 1792 2101 1 
1534 2356 1870 1383 1875 1384 1539 2357 1 
853 2448 964 3153 918 3160 807 2455 1 
1776 2975 2049 2067 2128 2090 1855 2999 1 
1674 2024 2012 2866 1941 2895 1603 2052 1 
834 2603 837 3316 806 3316 803 2603 1 
2105 1261 2230 299 2260 303 2135 1265 1 
1182 1538 2107 1435 2109 1451 1184 1554 1 
1031 2184 2000 2151 2000 2167 1032 2200 1 
2248 2364 2250 3295 2165 3295 2164 2364 1 
105 71 267 1072 264 1072 102 71 1 
1118 1158 1236 2157 1226 2158 1108 1159 1 
942 1522 1477 2367 1448 2385 913 1540 1 
1181 1302 1317 1895 1238 1913 1103 1320 1 
1619 2735 1783 2104 1877 2128 1712 2760 1 
1676 2824 2440 3488 2435 3493 1671 2830 1 
1798 2033 1996 3035 1978 3038 1780 2037 1 
1529 1999 1924 2924 1920 2925 1525 2001 1 
1523 1167 1524 2184 1512 2184 1511 1167 1 
143 1969 493 2911 300 2983 -51 2040 1 
499 24 690 1027 685 1028 494 25 1 
1436 2237 1460 1234 1471 1234 1448 2238 1 
1164 2083 1572 2695 1537 2718 1129 2107 1 
1617 223 1670 1223 1661 1223 1608 224 1 
71 2998 318 2003 335 2007 87 3002 1 
61 1845 1026 1557 1028 1564 63 1851 1 
1769 3495 1772 2634 1791 2634 1788 3495 1 
893 2721 1616 3332 1607 3344 884 2733 1 
1141 1496 1990 1977 1981 1994 1132 1513 1 
2164 2187 2398 2827 2376 2835 2142 2195 1 
162 391 213 1383 203 1384 153 391 1 
2341 1218 2426 1973 2403 1976 2318 1220 1 
749 2878 1404 2142 1437 2172 782 2907 1 
1277 2181 1928 1484 1939 1494 1287 2191 1 
1615 3338 1739 2355 1765 2359 1640 3341 1 
723 3381 1401 3275 1410 3338 733 3443 1 
1613 1459 2089 2206 2078 2214 1602 1467 1 
1198 2345 1392 1540 1411 1545 1217 2349 1 
1460 96 2400 491 2380 538 1440 143 1 
93 1291 197 289 216 291 112 1293 1 
2135 2504 2486 3451 2478 3454 2127 2507 1 
188 2792 1022 3364 1019 3368 186 2797 1 
810 2534 1763 2699 1761 2711 808 2547 1 
1727 1014 2487 1584 2410 1686 1650 1116 1 
1903 2078 2080 1116 2103 1121 1926 2083 1 
457 182 1131 939 1114 954 439 198 1 
155 676 937 181 979 248 198 743 1 
2362 1283 2380 2297 2375 2297 2358 1283 1 
2161 2229 2385 1229 2402 1233 2179 2232 1 
1174 2802 1643 2291 1674 2319 1206 2831 1 
2187 2589 2304 1602 2337 1606 2219 2593 1 
1244 174 1500 1108 1466 1117 1210 183 1 
735 3027 1650 3348 1645 3364 730 3043 1 
1600 1975 1887 1019 1895 1022 1609 1978 1 
2036 52 2036 953 2010 953 2010 52 1 
205 2644 576 2047 678 2110 307 2708 1 
1358 433 2161 835 2146 865 1343 463 1 
77 2109 80 3130 67 3130 64 2109 1 
2014 158 2205 1138 2148 1149 1957 169 1 
540 804 1534 817 1533 839 540 826 1 
1162 1880 2156 1816 2158 1842 1164 1905 1 
1478 3219 1802 2453 1925 2505 1601 3271 1 
1715 2964 1746 1964 1768 1965 1737 2964 1 
1588 1385 1627 387 1639 387 1600 1385 1 
1798 2585 2173 3450 2138 3465 1763 2600 1 
2204 1023 2423 63 2434 66 2216 1026 1 
1134 2403 1481 1488 1539 1510 1192 2425 1 
1436 498 2294 1030 2274 1062 1417 530 1 
240 1977 848 2796 824 2814 216 1995 1 
1242 1967 1245 947 1254 947 1251 1967 1 
1584 1 1631 1024 1616 1025 1570 1 1 
1146 1652 1573 2526 1550 2537 1123 1663 1 
675 2815 1297 2040 1308 2048 685 2824 1 
792 74 1123 887 1089 901 758 87 1 
982 604 1841 270 1855 305 995 639 1 
2152 2080 2454 3050 2443 3053 2140 2084 1 
1959 2220 1963 1195 1979 1196 1975 2220 1 
507 44 1083 779 1071 788 495 54 1 
2038 1317 2111 2239 2038 2244 1966 1323 1 
2364 2562 2400 1581 2418 1582 2382 2563 1 
658 1115 852 2104 842 2106 649 1117 1 
1434 2494 1522 3415 1461 3421 1373 2500 1 
579 378 1326 1046 1306 1068 559 400 1 
735 2461 941 3255 933 3257 727 2463 1 
1359 1549 1956 2326 1953 2328 1356 1551 1 
1468 2038 2256 1471 2283 1508 1494 2075 1 
907 1140 1374 328 1399 342 931 1154 1 
367 3026 1373 3004 1373 3009 367 3030 1 
1865 1279 2084 2283 2079 2284 1860 1280 1 
221 2587 927 3297 922 3302 216 2592 1 
10 941 117 1853 113 1853 6 941 1 
2058 2607 2079 1827 2167 1830 2146 2610 1 
987 2271 1620 1519 1663 1555 1030 2307 1 
560 2220 583 1308 592 1308 569 2220 1 
1249 963 1481 1849 1432 1861 1201 976 1 
39 2794 203 1856 221 1859 57 2797 1 
1158 1999 1174 3013 1144 3013 1129 2000 1 
1818 3275 2436 2498 2460 2517 1842 3294 1 
101 3338 652 2570 710 2612 160 3380 1 
1830 2596 2415 3440 2401 3449 1816 2605 1 
1521 345 1523 1291 1493 1291 1492 345 1 
121 3101 707 3466 648 3561 62 3196 1 
293 1215 331 2213 314 2213 276 1216 1 
797 1579 1601 1796 1597 1811 793 1594 1 
49 1995 793 1313 798 1319 54 2001 1 
1532 1842 2423 2332 2410 2357 1518 1867 1 
363 98 1259 288 1246 345 351 154 1 
1170 2024 1965 1911 1971 1952 1176 2064 1 
1464 3279 2386 2838 2413 2894 1491 3336 1 
1211 2851 1817 2034 1823 2039 1217 2855 1 
1672 924 2447 278 2460 294 1685 940 1 
1568 1977 1636 1028 1650 1029 1583 1978 1 
456 2554 657 3333 625 3341 425 2562 1 
294 2495 423 3339 406 3341 277 2498 1 
1462 2230 1628 1356 1641 1359 1474 2232 1 
909 1336 985 2120 956 2123 880 1339 1 
1033 3065 2006 3353 2002 3366 1029 3078 1 
44 441 911 508 909 530 42 463 1 
1152 3269 1954 2930 1959 2941 1157 3281 1 
397 2605 737 3451 719 3458 379 2612 1 
970 2492 1120 3502 1086 3507 936 2497 1 
2384 1961 2439 1274 2500 1279 2445 1966 1 
946 1333 1453 2103 1408 2133 901 1363 1 
2432 169 2475 1101 2457 1102 2414 170 1 
1714 339 2161 1095 2117 1121 1670 365 1 
1342 2665 2157 3111 2152 3119 1338 2673 1 
1321 2092 1338 3029 1308 3029 1292 2092 1 
445 148 893 830 835 868 386 187 1 
739 925 1596 626 1601 640 744 940 1 
1151 3429 1918 3023 1939 3062 1172 3468 1 
889 3141 1268 2361 1326 2389 947 3169 1 
1159 853 2056 370 2068 392 1171 875 1 
1628 2147 1885 1179 1905 1184 1648 2152 1 
96 1054 145 2059 123 2060 74 1056 1 
1195 2084 1634 1262 1639 1265 1201 2087 1 
51 422 336 1410 335 1410 50 423 1 
439 2148 443 1157 466 1157 462 2148 1 
688 2640 1139 3193 1090 3233 638 2680 1 
2315 1045 2343 268 2422 271 2395 1047 1 
797 2727 1611 2718 1611 2735 797 2744 1 
1346 506 2295 127 2300 139 1351 519 1 
1279 2323 1959 1872 1972 1892 1292 2343 1 
217 1324 474 2297 459 2301 202 1328 1 
1519 182 1574 1200 1568 1200 1513 183 1 
1109 2335 1598 3183 1559 3205 1071 2357 1 
1801 2256 1838 1233 1843 1233 1806 2256 1 
1705 2569 1772 3398 1655 3407 1589 2579 1 
1938 2464 2309 3416 2294 3422 1923 2469 1 
1110 1709 1889 2340 1879 2352 1101 1721 1 
1977 1319 1996 335 2012 336 1993 1319 1 
34 2358 170 3360 145 3364 9 2361 1 
1386 64 2285 -2 2287 21 1388 87 1 
2105 1151 2154 2138 2143 2139 2094 1152 1 
1231 2044 1759 2714 1723 2743 1195 2072 1 
2314 833 2318 1832 2315 1832 2312 833 1 
1632 1829 2095 2542 2024 2588 1562 1874 1 
1182 1752 1922 2223 1912 2238 1172 1767 1 
2469 1847 2474 2763 2459 2763 2455 1847 1 
1830 83 1832 1092 1816 1092 1814 83 1 
1194 2198 1256 3014 1243 3015 1182 2199 1 
273 2745 346 3442 285 3448 212 2751 1 
1536 1707 2456 1350 2466 1376 1546 1733 1 
1008 44 1030 1055 1023 1055 1001 45 1 
2016 2442 2021 3410 2015 3410 2009 2442 1 
1925 141 1971 1134 1956 1134 1910 142 1 
763 3395 764 2386 770 2386 769 3395 1 
1046 1937 1988 1769 1991 1788 1049 1956 1 
2313 2234 2401 1256 2413 1257 2325 2235 1 
1080 2303 1450 3211 1416 3224 1046 2316 1 
98 87 1121 6 1122 20 99 101 1 
1851 2260 2135 1312 2153 1318 1869 2265 1 
1772 0 2277 862 2272 865 1767 3 1 
1379 952 1838 1787 1813 1800 1354 966 1 
381 1397 593 2300 546 2311 335 1408 1 
1348 3121 2245 2635 2248 2640 1351 3126 1 
186 576 919 305 929 332 196 603 1 
1179 1523 2161 1625 2159 1637 1178 1535 1 
1467 1052 1677 1934 1630 1945 1420 1063 1 
1908 1647 1983 2613 1974 2613 1899 1648 1 
1559 963 1896 1870 1874 1878 1537 971 1 
1643 2912 2426 3486 2397 3526 1614 2951 1 
664 2127 671 1171 691 1171 685 2127 1 
159 1694 191 2694 182 2694 150 1694 1 
755 3387 777 2457 792 2457 770 3387 1 
770 1483 1115 2364 1064 2384 719 1503 1 
164 2138 429 1186 439 1189 173 2141 1 
1220 2440 2223 2643 2221 2653 1218 2450 1 
1632 2652 1633 3304 1602 3304 1601 2652 1 
148 2553 1013 2137 1074 2262 208 2678 1 
1307 2656 1962 2312 1975 2335 1319 2680 1 
2071 1948 2073 2936 2032 2936 2030 1948 1 
1504 1896 1553 2710 1521 2712 1471 1898 1 
1723 1910 1768 897 1777 897 1731 1910 1 
1545 3047 2465 2747 2470 2760 1549 3060 1 
1519 94 2096 785 2071 806 1493 116 1 
1565 2184 1695 1166 1702 1167 1572 2185 1 
133 141 856 866 848 874 125 149 1 
1783 2623 1944 1648 1955 1650 1794 2625 1 
2181 3234 2186 2209 2197 2209 2192 3234 1 
1802 1328 2153 484 2211 508 1859 1352 1 
135 250 310 1240 306 1241 131 251 1 
1151 6 2051 503 2047 510 1147 13 1 
1511 1987 2168 1226 2180 1236 1523 1997 1 
1091 1295 1094 314 1097 314 1094 1295 1 
357 2431 1100 2563 1094 2601 350 2469 1 
211 2239 865 1457 880 1469 225 2251 1 
1117 2962 1281 2134 1345 2147 1181 2975 1 
824 1983 1792 1757 1795 1771 828 1997 1 
2191 3122 2197 2171 2205 2171 2199 3122 1 
2253 963 2254 1766 2230 1766 2230 963 1 
1979 946 2008 1896 1996 1897 1967 947 1 
1500 1160 1948 263 1953 266 1505 1162 1 
1676 2172 1684 1162 1695 1162 1687 2172 1 
1912 1215 2307 2125 2282 2136 1887 1226 1 
1939 306 2542 492 2479 699 1875 513 1 
1378 1099 1394 2087 1384 2087 1368 1099 1 
1202 2091 1929 1499 1957 1534 1230 2126 1 
1391 1654 1622 1745 1551 1924 1321 1833 1 
1535 2557 1540 3494 1509 3494 1504 2557 1 
92 2806 238 1902 281 1909 135 2813 1 
1386 725 2034 22 2094 77 1445 780 1 
1194 1154 1724 344 1749 360 1219 1169 1 
2248 1080 2330 2077 2305 2079 2222 1083 1 
2165 1601 2355 2609 2333 2613 2143 1605 1 
1700 3285 1802 2650 1877 2662 1775 3297 1 
1203 3423 1820 2621 1834 2632 1217 3434 1 
2389 3012 2389 2003 2396 2003 2396 3012 1 
869 1939 1833 2091 1832 2096 868 1944 1 
1950 3454 2402 2624 2433 2640 1980 3471 1 
1234 1279 1335 303 1347 304 1245 1280 1 
64 2802 909 2979 893 3055 48 2877 1 
8 2485 88 3333 65 3336 -15 2487 1 
1867 2619 1872 1591 1875 1591 1870 2619 1 
3 2046 76 1022 84 1023 12 2047 1 
479 2314 517 1308 543 1309 505 2315 1 
1304 2249 1308 3172 1249 3172 1245 2250 1 
1500 877 2224 523 2242 558 1517 913 1 
786 3497 866 2595 882 2597 803 3498 1 
121 1945 285 2943 278 2944 113 1946 1 
1135 1502 2020 1825 2004 1870 1118 1548 1 
737 1990 1079 2951 1069 2954 727 1994 1 
775 2385 868 1465 888 1467 795 2387 1 
1223 1239 2051 1801 2047 1806 1219 1245 1 
896 498 1606 829 1592 859 882 528 1 
2101 771 2330 1483 2102 1556 1873 844 1 
1246 2917 1500 1924 1513 1928 1260 2921 1 
2005 1069 2080 84 2146 89 2071 1074 1 
1137 3192 2135 2985 2137 2993 1139 3200 1 
955 3074 1099 2226 1127 2230 983 3079 1 
1000 2512 1515 1695 1560 1724 1046 2541 1 
1192 1579 2051 2121 2037 2142 1179 1600 1 
657 423 1353 857 1334 887 638 453 1 
1817 394 2231 845 2142 927 1728 476 1 
1064 263 1158 1264 1150 1265 1056 264 1 
991 1211 991 2204 980 2204 980 1211 1 
1105 1504 1405 2457 1398 2459 1098 1506 1 
424 1997 922 1236 996 1284 498 2045 1 
2221 2161 2242 3058 2235 3059 2215 2161 1 
995 2059 1518 2880 1508 2887 984 2066 1 
1130 229 2137 445 2133 463 1127 247 1 
1992 1309 2140 441 2170 446 2021 1314 1 
452 2548 533 3471 513 3473 432 2549 1 
1086 956 1443 1875 1408 1888 1052 969 1 
1846 1283 2252 2173 2222 2187 1816 1297 1 
1162 2030 1637 2688 1627 2695 1152 2037 1 
785 1623 1604 1132 1644 1197 824 1688 1 
1321 1105 1322 1871 1280 1871 1279 1105 1 
1883 1148 2090 2060 2071 2064 1864 1152 1 
1842 1014 2004 6 2020 8 1858 1016 1 
21 3407 891 2879 895 2885 25 3414 1 
1878 2856 2439 2140 2523 2205 1962 2921 1 
989 2039 1398 1112 1420 1121 1011 2048 1 
1663 2952 1671 1943 1684 1943 1675 2952 1 
1039 403 1991 504 1990 515 1038 415 1 
1696 1004 1733 3 1761 4 1724 1005 1 
2195 252 2236 1155 2150 1159 2109 256 1 
570 2211 1175 2689 1166 2700 561 2222 1 
1071 905 1088 1912 1067 1912 1050 905 1 
944 1238 1605 1738 1561 1797 899 1296 1 
2121 1992 2487 2832 2462 2843 2096 2002 1 
357 2476 1143 3121 1131 3136 345 2491 1 
1992 2628 2258 3419 2250 3422 1984 2631 1 
877 1540 1751 1219 1780 1296 905 1618 1 
1312 645 2261 345 2262 350 1314 650 1 
1782 3440 1905 2692 2161 2734 2039 3482 1 
2032 1603 2526 2007 2417 2139 1924 1735 1 
395 882 901 -1 915 7 409 890 1 
1130 3018 1925 2938 1928 2966 1133 3046 1 
1750 3424 1844 2404 1855 2405 1761 3425 1 
1745 2388 1882 3244 1858 3248 1721 2392 1 
77 1883 125 2868 113 2868 65 1884 1 
1052 1222 1065 222 1133 223 1120 1223 1 
622 781 1333 80 1349 96 639 797 1 
402 483 621 714 585 748 366 517 1 
1095 406 2000 151 2005 168 1099 422 1 
1283 703 2169 404 2176 424 1290 723 1 
188 1340 754 2119 742 2128 176 1349 1 
882 1356 1806 1645 1800 1662 877 1373 1 
576 914 1146 151 1178 175 608 938 1 
512 1440 689 2447 681 2449 504 1441 1 
141 1339 512 2061 443 2097 72 1374 1 
2188 2114 2431 1144 2445 1148 2202 2118 1 
2211 910 2212 1898 2201 1898 2200 910 1 
2253 2107 2428 1212 2443 1215 2268 2110 1 
2106 141 2466 996 2450 1002 2090 148 1 
1130 87 1981 546 1979 551 1128 92 1 
715 786 1576 299 1583 311 723 798 1 
1092 1988 1299 1303 1373 1325 1166 2011 1 
108 3305 823 3122 859 3262 144 3445 1 
2351 2888 2463 1875 2472 1876 2360 2889 1 
1508 2318 1515 3292 1496 3292 1489 2318 1 
1193 941 1963 610 1975 638 1205 969 1 
2451 2208 2452 1215 2456 1215 2456 2208 1 
2029 2082 2034 1057 2048 1057 2044 2082 1 
1011 1215 1273 1818 1250 1828 987 1226 1 
1077 382 1825 657 1793 746 1044 470 1 
1028 1253 1401 347 1431 359 1058 1265 1 
1016 1591 1933 1253 1952 1303 1034 1642 1 
1413 1149 1704 2061 1686 2067 1395 1155 1 
1534 2472 1559 1485 1577 1485 1552 2473 1 
1317 1271 1843 405 1857 414 1331 1279 1 
449 2074 1060 1284 1078 1297 467 2088 1 
2101 2968 2130 1948 2138 1948 2110 2969 1 
312 2246 743 1600 818 1651 387 2297 1 
259 1490 853 2284 838 2295 244 1501 1 
1755 3390 1832 2374 1838 2374 1761 3390 1 
1645 204 2106 1120 2097 1124 1637 208 1 
1697 2443 1700 3463 1691 3463 1688 2443 1 
2370 1440 2400 468 2411 468 2381 1440 1 
1744 1408 2410 2121 2402 2129 1736 1416 1 
1498 280 1816 1216 1759 1235 1441 299 1 
569 3125 1564 2918 1565 2925 571 3132 1 
1777 3335 2457 2621 2465 2629 1784 3342 1 
1302 2970 1395 1951 1400 1952 1308 2971 1 
2061 2506 2064 3448 2054 3448 2051 2506 1 
1611 181 2388 16 2401 77 1624 243 1 
209 1362 339 2366 300 2371 171 1367 1 
1779 1207 2336 1856 2313 1876 1756 1227 1 
767 1219 1180 726 1215 755 802 1248 1 
268 2085 1048 1438 1072 1467 292 2114 1 
345 3393 1070 3422 1068 3484 343 3454 1 
543 -4 1087 614 1074 626 529 8 1 
653 2963 1253 2143 1262 2150 662 2970 1 
1954 3074 2137 2304 2186 2315 2003 3085 1 
753 2045 758 3051 740 3051 734 2045 1 
1043 735 1395 860 1331 1040 979 915 1 
1614 3040 1755 2028 1762 2029 1622 3041 1 
1343 270 1343 1275 1336 1275 1336 270 1 
99 2650 805 3204 800 3211 93 2657 1 
777 745 1140 828 1101 1000 738 917 1 
1307 2977 2239 2873 2251 2982 1319 3086 1 
2299 2217 2444 3219 2429 3222 2284 2219 1 
1697 2439 1734 3252 1724 3253 1688 2439 1 
544 2394 806 3091 769 3104 508 2407 1 
1519 2235 1663 1379 1732 1391 1588 2247 1 
1860 1899 2266 2753 2255 2758 1848 1905 1 
414 2116 716 1169 768 1185 466 2132 1 
54 2124 73 1099 90 1100 71 2124 1 
1506 2202 2468 2070 2469 2078 1507 2210 1 
1535 2065 1717 1070 1729 1072 1547 2068 1 
1499 2198 2224 1505 2248 1530 1523 2224 1 
1876 204 2294 1143 2281 1149 1863 210 1 
1843 1145 2131 349 2153 356 1864 1153 1 
1748 3279 2421 2617 2431 2627 1758 3289 1 
1296 1361 1405 2329 1376 2332 1267 1365 1 
799 339 1361 1195 1337 1211 774 355 1 
1353 3472 1509 2804 1549 2813 1393 3481 1 
981 2968 1885 3001 1884 3035 980 3002 1 
185 2227 401 1247 415 1250 200 2230 1 
1478 328 1545 1252 1528 1253 1461 329 1 
1139 1277 1377 315 1393 318 1154 1280 1 
1502 2668 2407 2367 2412 2382 1507 2683 1 
551 881 934 86 947 93 564 887 1 
814 197 1096 1167 1074 1174 792 204 1 
334 2757 1087 3248 1044 3313 292 2822 1 
2374 1935 2404 2790 2394 2790 2364 1936 1 
1053 2506 1953 2423 1955 2450 1056 2533 1 
1580 1481 1603 2498 1591 2499 1568 1482 1 
595 2970 899 2139 913 2144 609 2975 1 
834 1370 1819 1546 1814 1577 829 1401 1 
2275 2722 2280 3474 2237 3474 2232 2722 1 
830 2841 1528 2139 1531 2142 834 2844 1 
1538 1923 1809 2863 1730 2886 1459 1946 1 
372 2736 979 3501 968 3510 361 2745 1 
1021 313 1724 1025 1676 1072 973 361 1 
991 2135 1546 2984 1531 2994 976 2145 1 
597 1024 1509 603 1513 609 600 1030 1 
1203 3438 1872 2795 1879 2803 1210 3446 1 
332 859 1050 148 1057 155 340 866 1 
239 2527 274 3433 238 3434 203 2529 1 
128 1903 136 883 146 883 139 1903 1 
1638 1236 2091 1926 2081 1933 1627 1243 1 
1787 2050 2158 1093 2167 1097 1797 2054 1 
1275 1924 1433 1224 1485 1236 1327 1936 1 
75 2279 155 1254 157 1254 77 2279 1 
1782 2500 2483 3202 2474 3210 1774 2508 1 
397 2858 1291 3149 1284 3173 389 2882 1 
1374 2064 1413 3073 1359 3075 1320 2066 1 
1711 1944 1764 954 1814 957 1761 1946 1 
2029 1967 2031 2920 2025 2920 2023 1967 1 
82 1007 808 357 873 429 147 1080 1 
1835 3336 2011 2689 2045 2698 1869 3345 1 
763 1875 1565 1296 1619 1370 817 1950 1 
1095 1226 1504 2144 1490 2150 1081 1232 1 
1529 1118 2348 606 2357 621 1538 1133 1 
1089 1212 1744 1962 1735 1970 1080 1220 1 
1002 3287 1963 2979 1965 2986 1004 3294 1 
1418 2557 1472 1537 1488 1538 1435 2558 1 
1402 3500 1557 2573 1562 2574 1407 3501 1 
859 2199 934 1199 986 1203 911 2203 1 
1218 1967 1242 941 1246 942 1222 1967 1 
1116 1619 1940 2193 1931 2206 1107 1632 1 
1497 2629 1698 1628 1710 1630 1509 2631 1 
1067 -21 1955 395 1943 420 1055 5 1 
585 820 657 1 692 4 619 823 1 
848 2687 1830 2689 1830 2725 848 2723 1 
1825 2409 1973 3352 1964 3353 1816 2410 1 
296 3035 1126 3482 1112 3508 282 3060 1 
1467 1602 1503 2571 1491 2571 1455 1602 1 
1712 2996 2056 2106 2067 2110 1723 3000 1 
272 943 617 1049 572 1197 227 1090 1 
1329 817 2284 498 2287 506 1332 825 1 
350 2388 1208 2909 1172 2969 313 2448 1 
1417 1164 2102 1919 2094 1927 1409 1172 1 
1420 1304 1420 2197 1396 2197 1396 1304 1 
1460 2154 2243 2727 2238 2734 1455 2161 1 
1307 2977 1781 3351 1768 3368 1294 2993 1 
1097 2179 1212 1178 1232 1181 1117 2181 1 
2130 1583 2346 2530 2299 2540 2084 1593 1 
606 1608 1576 1740 1574 1752 604 1620 1 
61 3116 933 2865 941 2894 70 3145 1 
455 676 814 557 835 622 477 741 1 
1958 2504 1973 3499 1936 3499 1921 2504 1 
2361 1710 2361 2360 2323 2360 2323 1710 1 
789 1123 793 2078 703 2079 700 1123 1 
62 1910 96 937 135 939 100 1911 1 
1130 3005 2038 2747 2048 2782 1140 3040 1 
1078 1499 1631 2331 1611 2344 1058 1512 1 
1501 2784 2428 3226 2426 3230 1499 2788 1 
1611 2062 1669 1054 1682 1054 1624 2063 1 
4 1413 127 2379 118 2380 -6 1414 1 
198 1959 214 2832 187 2832 172 1959 1 
769 2336 1072 2291 1080 2348 777 2392 1 
1573 2328 2113 2198 2167 2422 1626 2551 1 
1423 912 1731 1832 1717 1837 1409 917 1 
1749 1186 2180 276 2189 280 1758 1190 1 
411 2443 422 3465 399 3465 389 2444 1 
1821 1125 1939 112 1952 114 1835 1127 1 
391 1272 393 2292 370 2292 369 1272 1 
436 3465 465 2493 483 2494 454 3465 1 
1456 3241 2471 3134 2472 3146 1457 3254 1 
1415 2149 2400 1929 2405 1951 1420 2170 1 
1112 321 1616 1152 1606 1158 1101 327 1 
84 1745 459 1154 517 1191 142 1782 1 
645 2829 1457 2527 1463 2543 651 2845 1 
2146 2553 2421 1585 2444 1592 2169 2560 1 
2018 3430 2305 2512 2336 2522 2049 3440 1 
1252 1289 1701 2067 1653 2094 1204 1316 1 
1425 1659 2087 1212 2173 1339 1511 1787 1 
1243 1701 2167 1525 2171 1550 1248 1725 1 
150 422 272 1437 267 1437 145 422 1 
331 1920 631 2837 586 2852 285 1935 1 
2394 2023 2409 1051 2418 1051 2403 2023 1 
64 283 237 1289 215 1293 41 287 1 
416 2897 725 2791 753 2870 444 2977 1 
759 1989 1719 1673 1721 1678 761 1994 1 
1897 2084 1959 1065 1965 1066 1903 2084 1 
1335 1445 1390 2441 1385 2442 1330 1445 1 
158 2785 1072 2853 1068 2903 154 2835 1 
2303 3219 2398 2268 2406 2269 2311 3220 1 
835 739 862 57 897 58 870 740 1 
2320 1959 2336 2829 2316 2829 2300 1960 1 
1294 2431 1699 3356 1691 3359 1287 2435 1 
509 2395 1515 2268 1518 2287 512 2415 1 
1137 2988 2128 3158 2127 3166 1135 2996 1 
-43 894 247 52 384 99 93 941 1 
1411 592 2354 986 2350 995 1407 601 1 
608 1994 959 2081 942 2146 592 2059 1 
1264 2257 1356 1356 1371 1357 1279 2259 1 
106 3463 272 2461 284 2464 118 3465 1 
1278 1474 1852 2323 1847 2326 1273 1477 1 
2269 3012 2476 2007 2488 2009 2280 3015 1 
919 2088 1783 1562 1858 1685 993 2210 1 
1916 903 1981 1635 1926 1640 1861 908 1 
692 2504 761 3414 748 3415 679 2505 1 
1793 326 1935 1333 1925 1335 1783 327 1 
57 1257 722 2013 714 2020 48 1265 1 
1004 1260 1046 239 1097 241 1055 1262 1 
1153 496 2117 853 2110 871 1146 513 1 
1278 1179 1288 2181 1256 2181 1246 1179 1 
1531 1160 2308 1779 2303 1786 1526 1166 1 
612 2231 894 1272 943 1286 661 2245 1 
2310 1365 2336 2387 2330 2387 2305 1365 1 
694 3506 993 2588 1020 2596 720 3515 1 
431 2655 970 3435 953 3447 414 2666 1 
2022 1914 2408 2667 2398 2672 2012 1919 1 
105 278 783 168 793 229 115 338 1 
2347 987 2413 2013 2412 2013 2346 987 1 
763 506 1178 543 1166 679 751 642 1 
880 1390 1267 2314 1244 2324 857 1399 1 
1554 2721 2040 1927 2058 1938 1571 2732 1 
1421 1099 2183 725 2214 788 1452 1161 1 
576 2259 1481 2584 1438 2705 533 2380 1 
1238 2558 1368 1564 1394 1568 1264 2562 1 
234 2924 847 3327 820 3369 206 2966 1 
583 2060 1467 1604 1478 1624 593 2080 1 
558 2979 596 1996 614 1997 576 2979 1 
656 162 1464 -44 1477 7 669 213 1 
1069 1788 1779 1163 1797 1184 1087 1809 1 
1957 2675 2425 1998 2485 2039 2017 2717 1 
25 1592 88 588 99 588 35 1592 1 
1535 2336 1629 3329 1612 3331 1518 2338 1 
1510 1769 1982 1634 2043 1845 1570 1981 1 
1592 929 1799 1922 1791 1924 1585 930 1 
398 899 489 1588 397 1600 305 911 1 
677 2338 708 3296 685 3296 654 2339 1 
1549 941 1689 1927 1672 1930 1532 943 1 
2174 1941 2230 949 2235 949 2180 1941 1 
1751 2243 1811 3253 1792 3254 1732 2245 1 
899 1891 1820 1507 1830 1531 909 1915 1 
98 1386 124 2397 107 2398 81 1386 1 
2387 97 2459 978 2427 981 2355 100 1 
240 3021 1199 3341 1194 3353 235 3034 1 
455 2995 576 1998 646 2007 525 3004 1 
1188 1856 2098 2102 2085 2149 1175 1903 1 
1413 1242 1646 351 1700 365 1467 1257 1 
1183 3321 2207 3280 2208 3310 1184 3351 1 
160 278 232 1245 220 1246 148 279 1 
2063 1835 2105 2825 2100 2826 2058 1835 1 
1637 2079 1931 3057 1919 3060 1625 2082 1 
1316 2627 1390 1728 1518 1739 1444 2638 1 
729 1981 1010 2001 1004 2088 722 2067 1 
1801 2797 2162 2194 2226 2232 1866 2836 1 
822 976 1090 1003 1084 1059 816 1031 1 
366 1946 498 970 509 971 377 1947 1 
515 1383 884 2177 847 2194 478 1400 1 
61 1128 62 2118 40 2118 39 1128 1 
1028 1231 1708 1849 1691 1868 1011 1249 1 
630 2739 1367 3437 1320 3486 582 2788 1 
978 2697 1413 3389 1382 3408 948 2717 1 
1627 1171 2298 409 2320 428 1649 1191 1 
397 3453 1224 3115 1260 3203 432 3540 1 
2267 132 2379 1043 2366 1044 2254 134 1 
168 2080 518 1350 657 1417 307 2146 1 
182 2127 645 2465 531 2621 68 2283 1 
399 1325 480 2301 471 2302 390 1326 1 
336 2514 827 3346 819 3351 328 2519 1 
1361 3202 2260 2960 2272 3003 1372 3245 1 
1439 1418 2270 1729 2268 1736 1436 1425 1 
1043 1249 1129 247 1136 247 1049 1249 1 
2092 2804 2378 1828 2389 1831 2103 2808 1 
2201 1995 2213 966 2217 966 2205 1995 1 
1335 2681 1559 2590 1570 2616 1346 2707 1 
1356 1146 1989 1946 1984 1950 1351 1149 1 
102 1245 259 2255 254 2256 97 1246 1 
1044 2090 1716 1317 1725 1325 1052 2098 1 
1301 1531 2141 2111 2137 2116 1298 1536 1 
849 5 927 977 910 978 832 7 1 
1214 2221 1302 2976 1281 2978 1193 2223 1 
1858 942 2115 957 2113 991 1856 976 1 
2015 2414 2017 3378 1981 3378 1980 2414 1 
2012 814 2526 954 2469 1163 1955 1023 1 
2095 2628 2226 1701 2240 1703 2109 2630 1 
1797 1360 1978 2173 1970 2175 1789 1361 1 
1211 1971 1215 1044 1240 1044 1236 1971 1 
319 2011 1249 1683 1272 1749 342 2076 1 
45 1338 137 2350 122 2351 29 1339 1 
1476 2650 2129 1910 2166 1943 1514 2683 1 
664 1448 1551 1657 1538 1712 651 1503 1 
196 62 211 1036 205 1036 191 62 1 
1136 728 2165 673 2165 681 1136 735 1 
1514 2317 1981 3193 1946 3212 1478 2336 1 
1639 579 1969 71 1999 90 1668 598 1 
1374 2520 2053 2921 2034 2953 1355 2552 1 
1408 3060 1416 2034 1439 2034 1431 3061 1 
1545 674 2426 977 2407 1033 1526 730 1 
1104 3004 1411 2115 1432 2122 1125 3012 1 
1076 1766 1630 2436 1597 2464 1042 1793 1 
137 2975 311 3497 187 3538 13 3016 1 
598 2372 956 3326 941 3332 583 2378 1 
1389 1146 1992 324 1996 328 1393 1149 1 
1632 986 1979 44 2000 52 1653 994 1 
183 2693 1026 2127 1037 2144 194 2709 1 
1080 2024 1813 1333 1822 1342 1089 2033 1 
1768 938 2066 901 2073 954 1774 991 1 
1195 2367 1463 1434 1474 1437 1206 2370 1 
22 3423 430 2490 448 2498 40 3431 1 
1787 953 2478 1521 2461 1542 1769 974 1 
1536 17 1593 1021 1585 1022 1528 17 1 
889 2910 1053 1916 1071 1919 907 2913 1 
119 2278 160 3251 103 3254 62 2281 1 
648 2480 932 3392 918 3396 634 2484 1 
2157 1925 2289 2794 2263 2798 2131 1929 1 
669 1046 1027 329 1052 342 694 1059 1 
1357 2596 2199 2974 2187 3000 1346 2622 1 
1587 2098 2345 2667 2339 2674 1581 2106 1 
88 1753 204 2716 179 2719 63 1756 1 
2302 2054 2354 1104 2361 1104 2309 2055 1 
776 3420 1349 3072 1400 3156 827 3504 1 
688 790 807 124 829 128 709 794 1 
1284 2836 1625 3466 1491 3538 1150 2908 1 
690 1904 1246 1267 1327 1337 771 1974 1 
1241 2015 1602 2709 1589 2716 1227 2022 1 
781 1871 1775 2047 1774 2051 781 1875 1 
1536 2904 2462 2822 2462 2831 1537 2913 1 
1152 857 1786 266 1801 283 1168 874 1 
858 3360 1863 3237 1865 3256 860 3379 1 
1662 1016 1858 1943 1829 1949 1633 1022 1 
1574 3495 1626 2471 1634 2472 1583 3495 1 
1391 1053 2035 1560 2013 1587 1370 1080 1 
904 1037 1425 187 1429 190 908 1039 1 
497 2355 538 1342 577 1344 536 2357 1 
1646 896 1951 1773 1929 1781 1624 903 1 
795 2130 942 1159 945 1159 799 2131 1 
500 1361 617 2169 588 2173 471 1366 1 
1848 302 2201 1230 2192 1233 1839 305 1 
1758 2564 1889 1604 1910 1606 1779 2566 1 
2099 2485 2285 3445 2264 3449 2077 2489 1 
952 3039 1332 2125 1345 2130 965 3045 1 
1187 3219 1368 2282 1387 2285 1206 3223 1 
1589 2356 1675 2999 1649 3003 1564 2360 1 
222 159 816 799 719 889 124 250 1 
1161 931 1487 897 1491 936 1165 971 1 
1323 1975 1634 2949 1615 2955 1304 1982 1 
1 1779 310 2723 304 2725 -4 1781 1 
2212 1296 2310 459 2347 463 2250 1301 1 
2136 3039 2448 2072 2527 2097 2214 3064 1 
1779 3051 2333 2609 2398 2692 1844 3134 1 
1404 3272 2292 3085 2296 3107 1408 3294 1 
1322 3404 2186 2852 2194 2865 1330 3416 1 
1652 2428 2037 3274 1989 3296 1604 2450 1 
776 2540 948 3348 938 3350 766 2542 1 
118 1788 1089 1562 1089 1565 118 1791 1 
1599 2370 1611 3394 1608 3394 1596 2370 1 
410 1871 1396 1741 1402 1789 416 1919 1 
1478 2607 2372 2133 2376 2141 1482 2615 1 
1679 1586 1785 2603 1779 2603 1673 1587 1 
128 121 136 1066 126 1066 118 121 1 
2227 3480 2342 2461 2349 2462 2234 3481 1 
124 1505 145 2512 140 2512 119 1505 1 
208 2925 352 1912 396 1919 252 2932 1 
1681 2456 2397 3095 2339 3159 1624 2520 1 
1520 1083 1833 147 1857 156 1544 1091 1 
1376 1502 2027 2256 2009 2271 1358 1518 1 
135 2052 145 1036 147 1036 136 2052 1 
1237 1015 1877 1723 1871 1728 1231 1020 1 
1395 2898 1969 2210 1994 2231 1420 2918 1 
1801 1990 2025 988 2033 990 1809 1991 1 
1251 2545 1416 1626 1444 1631 1279 2550 1 
1786 2590 1791 1593 1819 1593 1814 2591 1 
777 1 1584 294 1568 338 761 45 1 
1798 2427 1932 3390 1901 3394 1767 2432 1 
1524 1111 1559 2129 1550 2129 1515 1111 1 
1913 857 2262 924 2249 991 1900 924 1 
1214 1667 1320 2542 1238 2552 1131 1677 1 
179 2109 181 3119 174 3119 172 2109 1 
-3 2950 431 2085 457 2098 23 2963 1 
789 112 1793 287 1789 309 785 134 1 
1270 3421 1773 2534 1794 2545 1291 3433 1 
1158 2122 2181 2017 2182 2028 1159 2134 1 
1432 2719 1998 2391 2033 2450 1466 2778 1 
1597 2317 1611 3019 1557 3020 1544 2318 1 
1630 1323 1639 296 1647 296 1638 1323 1 
781 2730 1444 3432 1405 3469 742 2766 1 
782 1500 1672 1865 1668 1874 778 1509 1 
488 2619 807 3500 754 3519 436 2638 1 
140 1237 811 1894 796 1909 124 1252 1 
34 1712 197 2697 166 2702 3 1717 1 
150 1693 1165 1797 1164 1804 149 1701 1 
379 1925 734 2871 725 2875 370 1928 1 
1156 370 1271 1332 1254 1334 1139 372 1 
1986 2974 2141 2009 2166 2013 2011 2978 1 
1482 1927 1485 2927 1475 2927 1471 1927 1 
1155 1862 1943 1305 1958 1327 1170 1884 1 
954 416 1649 1030 1631 1050 936 436 1 
999 3121 1941 2784 1947 2802 1005 3139 1 
1478 974 1588 3 1658 11 1548 982 1 
483 2576 944 3379 904 3402 443 2599 1 
864 1185 1317 2092 1308 2097 855 1190 1 
343 699 353 40 438 42 428 700 1 
1636 1437 1652 2292 1636 2292 1620 1437 1 
766 1919 967 2862 942 2867 741 1924 1 
1226 293 1496 331 1490 375 1220 337 1 
470 1115 484 229 588 230 575 1117 1 
40 1765 656 1150 702 1196 86 1811 1 
511 1073 517 1986 468 1986 462 1073 1 
1495 1947 1784 1093 1807 1101 1518 1955 1 
64 3129 164 2145 193 2148 93 3132 1 
2153 1939 2385 998 2393 1000 2161 1940 1 
1972 2875 2076 1865 2098 1867 1994 2877 1 
1270 2833 2269 2612 2272 2625 1273 2846 1 
2084 1171 2391 1006 2424 1068 2117 1233 1 
1033 2076 2039 2157 2038 2165 1032 2083 1 
1433 2588 1700 1620 1731 1629 1464 2597 1 
1145 2510 1631 1722 1662 1741 1176 2529 1 
1971 239 1976 1103 1961 1103 1956 239 1 
1808 2634 1961 1631 1982 1634 1829 2637 1 
1044 1140 1401 1762 1364 1783 1008 1161 1 
1778 1264 2217 357 2238 367 1800 1275 1 
856 2250 1121 2158 1149 2240 885 2332 1 
1052 1319 2026 1591 2021 1608 1048 1336 1 
1130 3232 1331 2225 1342 2228 1141 3234 1 
2285 3253 2287 2238 2297 2238 2295 3253 1 
1302 261 1922 1073 1913 1080 1293 268 1 
2169 2195 2296 1247 2385 1259 2257 2206 1 
107 1568 108 563 134 563 133 1568 1 
1042 2522 1274 3455 1166 3482 934 2548 1 
1877 1869 2207 949 2224 955 1894 1875 1 
386 2901 880 2014 892 2021 399 2908 1 
561 2141 622 1183 634 1183 574 2142 1 
1440 1525 1964 2301 1958 2305 1434 1529 1 
1506 3342 1965 2602 1993 2619 1533 3359 1 
2112 1569 2115 2558 2096 2558 2094 1569 1 
984 1266 1307 301 1318 304 995 1270 1 
1320 3341 1807 2558 1829 2571 1342 3355 1 
2272 1380 2446 525 2459 527 2285 1383 1 
7 1381 457 2223 435 2235 -15 1392 1 
299 1988 1020 1260 1028 1268 307 1996 1 
1188 1623 2200 1801 2199 1803 1187 1626 1 
898 3474 968 2575 1046 2582 976 3480 1 
1576 851 2164 71 2178 82 1590 862 1 
2456 55 2515 970 2477 973 2418 58 1 
782 2271 1442 2907 1431 2918 770 2283 1 
25 749 57 1775 56 1775 24 749 1 
213 844 1036 270 1041 278 218 852 1 
1498 2887 2011 2195 2087 2252 1574 2944 1 
390 2116 802 1175 807 1178 396 2118 1 
2056 2151 2362 2799 2315 2821 2009 2173 1 
494 1424 1380 1897 1372 1911 487 1438 1 
5 2233 14 1204 21 1204 12 2233 1 
1395 1910 1608 2886 1602 2887 1390 1911 1 
2164 958 2197 1977 2185 1978 2151 958 1 
1618 2225 2059 3145 2053 3148 1613 2227 1 
55 3156 1060 3285 1053 3338 48 3209 1 
871 2225 1216 2079 1237 2129 892 2275 1 
1094 3097 1740 2758 1769 2814 1123 3152 1 
471 2978 626 1998 636 2000 482 2979 1 
727 2343 1744 2382 1742 2432 725 2393 1 
1563 3210 2164 2565 2177 2577 1576 3221 1 
68 2372 1071 2475 1071 2482 67 2379 1 
544 1973 953 2883 926 2895 517 1985 1 
592 258 1504 27 1515 70 603 302 1 
2166 2073 2232 1054 2251 1055 2185 2074 1 
586 1015 806 62 832 68 611 1021 1 
124 2571 128 3391 116 3391 112 2571 1 
1207 517 1424 56 1572 125 1355 587 1 
729 250 1641 49 1666 165 754 366 1 
1479 1900 1747 945 1763 949 1495 1904 1 
21 2858 289 1870 295 1872 28 2860 1 
755 2287 1609 2846 1601 2857 748 2298 1 
2200 1136 2464 2086 2448 2091 2183 1140 1 
849 1415 978 2396 962 2398 833 1417 1 
1606 166 2389 759 2385 764 1602 171 1 
1869 2352 2444 3133 2411 3157 1836 2376 1 
392 1239 593 2105 557 2114 356 1247 1 
208 1594 864 1737 853 1788 197 1645 1 
993 1066 1683 1811 1669 1824 979 1079 1 
2424 157 2425 1078 2409 1078 2408 157 1 
161 2198 261 1206 271 1207 171 2199 1 
1128 1438 1274 2294 1264 2296 1117 1440 1 
271 7 1248 142 1244 175 266 40 1 
2389 2515 2390 3506 2385 3506 2384 2515 1 
612 3187 851 2200 871 2205 632 3192 1 
1142 1335 1146 343 1172 343 1167 1335 1 
1747 88 1913 707 1863 720 1697 102 1 
1626 3221 1916 2379 1942 2388 1652 3230 1 
1113 2084 1305 2933 1256 2944 1064 2095 1 
705 1066 1580 593 1588 608 713 1081 1 
2141 1252 2155 2251 2138 2251 2124 1253 1 
343 2989 602 2017 612 2020 353 2992 1 
1120 3073 1152 2067 1155 2067 1123 3073 1 
1653 2370 1703 3150 1687 3151 1636 2372 1 
1419 905 2316 417 2323 431 1427 919 1 
487 98 1383 580 1375 594 479 112 1 
148 3457 548 2533 567 2541 167 3465 1 
112 2038 504 2814 482 2825 90 2049 1 
503 3043 1067 2194 1073 2197 509 3047 1 
2083 3143 2264 2230 2306 2238 2125 3152 1 
51 1272 189 2273 184 2273 46 1272 1 
455 2384 886 3272 874 3277 443 2389 1 
1458 1240 2025 425 2064 452 1496 1267 1 
2199 3487 2226 2493 2237 2493 2209 3488 1 
1253 581 2239 827 2237 834 1252 587 1 
879 3018 1454 2176 1457 2178 881 3020 1 
347 1983 386 2984 345 2985 306 1984 1 
2303 2317 2320 1301 2338 1302 2321 2317 1 
1267 1174 1670 2087 1665 2089 1261 1176 1 
100 2443 134 1427 148 1428 115 2444 1 
985 23 1814 307 1804 335 975 51 1 
656 1894 1432 1277 1450 1300 674 1917 1 
315 3368 1314 3313 1315 3335 316 3389 1 
0 1122 278 1903 249 1914 -29 1133 1 
1195 3027 1209 2008 1241 2009 1227 3027 1 
845 2019 1102 2819 1093 2822 837 2022 1 
2070 1351 2407 492 2450 509 2112 1367 1 
1951 3048 2117 2063 2136 2066 1970 3051 1 
722 22 1741 161 1740 164 721 25 1 
660 633 947 629 949 750 662 754 1 
662 739 1676 585 1676 588 662 742 1 
63 197 68 1112 60 1112 54 197 1 
1342 1221 1498 290 1552 299 1396 1230 1 
2257 1688 2446 701 2530 717 2341 1704 1 
1039 2062 1149 3077 1125 3080 1015 2064 1 
755 1896 806 2845 780 2846 729 1898 1 
281 430 513 468 501 541 269 503 1 
847 232 1184 1180 1173 1184 836 236 1 
1185 2192 1899 1542 1906 1550 1192 2200 1 
1849 1895 1853 2905 1833 2905 1829 1895 1 
2116 865 2422 1698 2398 1706 2092 874 1 
1617 366 2224 1183 2215 1190 1608 372 1 
549 1041 1126 239 1148 255 570 1056 1 
522 1456 1225 1968 1187 2020 484 1507 1 
75 2253 279 1296 297 1300 92 2257 1 
2019 3265 2206 2400 2227 2405 2040 3270 1 
1392 938 1432 1897 1420 1898 1380 938 1 
1619 207 1623 1228 1611 1228 1606 207 1 
1834 1763 2315 1024 2386 1070 1905 1809 1 
1890 1925 2453 2696 2448 2700 1885 1929 1 
43 1703 299 758 310 761 54 1706 1 
574 1549 1173 2308 1143 2332 544 1572 1 
1416 3359 1700 2471 1717 2477 1433 3365 1 
1250 351 2229 634 2228 640 1248 357 1 
1572 1451 1794 2440 1785 2442 1563 1453 1 
1092 415 1606 1212 1598 1217 1084 420 1 
468 921 1227 235 1231 239 472 925 1 
1105 2599 1378 1615 1384 1616 1111 2600 1 
1818 1049 2466 1769 2455 1779 1807 1060 1 
1721 2875 2007 1899 2028 1905 1742 2881 1 
1302 525 1621 477 1629 528 1310 576 1 
527 762 808 756 809 825 528 831 1 
1060 2534 1912 2236 1935 2303 1084 2601 1 
591 1042 1429 479 1446 505 608 1068 1 
2141 1119 2423 1861 2396 1871 2114 1129 1 
1276 781 2151 772 2151 782 1276 792 1 
1289 2453 2011 3176 2008 3179 1286 2456 1 
1297 1793 2145 2329 2137 2342 1288 1807 1 
1224 2633 1976 2185 2017 2253 1265 2701 1 
1782 998 1836 2014 1816 2015 1762 999 1 
244 3309 1192 2937 1198 2951 250 3323 1 
127 3040 1105 3244 1101 3261 124 3057 1 
141 2562 159 1563 163 1563 145 2562 1 
1141 1138 1417 2050 1404 2054 1128 1142 1 
124 1115 325 140 367 149 166 1123 1 
630 3270 1000 2605 1095 2658 724 3323 1 
2034 1043 2212 1981 2122 1998 1944 1059 1 
2076 2161 2300 3159 2284 3163 2059 2164 1 
1269 631 1645 459 1686 548 1310 720 1 
2068 1593 2248 2588 2225 2592 2045 1597 1 
443 -3 1308 236 1296 280 431 41 1 
1779 3201 1833 2175 1835 2175 1782 3202 1 
1431 1669 1909 2533 1905 2536 1427 1671 1 
2087 2406 2138 3429 2128 3430 2077 2407 1 
276 2584 635 2694 613 2765 254 2655 1 
163 1922 945 1319 958 1336 176 1938 1 
1403 98 1867 970 1828 990 1364 119 1 
695 3435 713 2547 721 2547 703 3435 1 
1460 775 2376 370 2383 386 1467 791 1 
1398 2374 1809 3315 1802 3318 1391 2377 1 
1451 2109 2120 1677 2184 1775 1515 2207 1 
1709 1588 1820 2591 1812 2592 1701 1589 1 
264 94 1076 631 1068 642 257 105 1 
1095 1292 1656 2128 1650 2132 1089 1296 1 
703 470 1628 727 1622 748 697 491 1 
476 2084 905 3001 902 3002 473 2085 1 
1442 3394 1498 2431 1509 2431 1453 3395 1 
1367 646 2271 293 2273 298 1369 652 1 
205 2882 1040 3379 1011 3428 176 2931 1 
2091 2021 2295 3015 2288 3017 2084 2023 1 
28 221 29 1219 27 1219 27 221 1 
742 2396 1512 2498 1508 2533 738 2431 1 
1948 3505 2275 2563 2294 2570 1967 3512 1 
535 2090 781 1316 833 1333 586 2106 1 
972 1077 1053 2085 1045 2085 965 1078 1 
62 2897 753 2151 760 2157 69 2904 1 
690 3370 1649 3179 1653 3200 694 3391 1 
2246 2176 2255 3191 2250 3191 2240 2176 1 
2301 2901 2362 1954 2393 1956 2331 2903 1 
3 2668 135 1749 158 1752 26 2671 1 
434 2868 1115 2146 1132 2162 451 2884 1 
206 1995 523 2767 511 2772 194 2000 1 
216 2137 427 1173 456 1179 245 2143 1 
1235 2159 1583 3031 1493 3067 1144 2195 1 
1364 2692 1891 3463 1854 3488 1327 2717 1 
1353 1003 1837 175 1864 190 1379 1018 1 
392 2446 1372 2331 1380 2396 400 2511 1 
413 164 1097 746 1080 767 396 184 1 
793 2226 1523 2434 1497 2526 767 2318 1 
1138 2308 1423 3240 1418 3241 1133 2309 1 
2268 94 2418 1084 2410 1085 2259 95 1 
399 897 1154 317 1166 331 410 912 1 
342 1354 832 2236 818 2244 329 1361 1 
1324 41 2091 432 2087 441 1320 50 1 
643 921 868 1071 829 1130 604 980 1 
147 1783 319 2700 298 2704 126 1787 1 
120 2180 126 1184 130 1184 124 2180 1 
220 1285 546 1241 555 1305 229 1349 1 
1126 3220 1980 2730 1988 2744 1134 3234 1 
794 1133 1587 1528 1563 1576 771 1181 1 
1436 2322 1952 1527 2023 1573 1507 2368 1 
1479 3014 1798 2137 1830 2148 1510 3025 1 
109 1867 1105 1978 1104 1983 108 1872 1 
791 2956 1003 2011 1025 2016 814 2961 1 
1944 1275 2389 464 2424 483 1978 1294 1 
26 2827 137 1830 155 1832 45 2829 1 
1666 2428 1730 1424 1740 1425 1676 2429 1 
592 1315 815 1537 782 1570 559 1348 1 
1757 1956 2197 2849 2168 2864 1728 1970 1 
2201 1821 2400 2717 2390 2719 2190 1824 1 
1084 770 1973 260 1981 274 1092 783 1 
1732 262 2460 974 2442 993 1714 280 1 
1074 2690 1952 3171 1941 3190 1064 2710 1 
691 3422 720 2556 755 2557 726 3423 1 
1387 904 1642 909 1641 1005 1385 1001 1 
2449 1412 2468 1996 2459 1997 2440 1413 1 
1083 2847 2104 2842 2104 2858 1083 2863 1 
1292 2410 2241 2568 2237 2591 1289 2433 1 
1898 3359 2014 2346 2023 2347 1907 3360 1 
1109 1093 1812 1813 1804 1821 1101 1101 1 
699 1335 1267 2146 1254 2155 686 1344 1 
1457 2546 2281 3158 2277 3162 1454 2551 1 
-26 3179 300 2254 330 2264 3 3189 1 
561 1175 1081 1819 971 1907 451 1263 1 
917 1336 1548 2103 1524 2123 892 1356 1 
1467 2103 1495 1090 1512 1090 1484 2104 1 
1201 2589 1357 3406 1326 3412 1170 2595 1 
980 2179 1557 2861 1528 2886 950 2204 1 
71 3324 834 3392 829 3441 67 3373 1 
923 3135 1908 3082 1909 3099 924 3152 1 
2156 2960 2352 2179 2368 2183 2172 2964 1 
2148 1784 2473 2687 2456 2693 2132 1790 1 
1278 325 1726 1150 1706 1160 1258 336 1 
1527 1060 2040 1719 2003 1747 1490 1089 1 
1591 2284 2456 1944 2477 1996 1611 2336 1 
1907 1161 2011 2184 2007 2184 1902 1162 1 
159 258 174 1253 160 1253 145 258 1 
283 2004 384 2957 327 2963 225 2010 1 
272 2749 1197 2707 1200 2761 275 2803 1 
1415 1912 1749 1040 1770 1049 1436 1921 1 
72 2955 709 3454 679 3493 42 2993 1 
1597 1144 2225 424 2251 446 1623 1167 1 
117 1780 243 2755 230 2757 104 1781 1 
577 892 1581 757 1581 760 577 896 1 
217 1615 1192 1905 1189 1916 214 1626 1 
1028 2600 1708 2465 1751 2680 1071 2815 1 
656 2387 703 3208 638 3212 590 2391 1 
829 418 1569 1057 1546 1084 806 444 1 
2379 2105 2392 2954 2380 2954 2366 2105 1 
905 1369 1054 2386 1052 2386 904 1369 1 
1273 1611 1275 2628 1266 2628 1265 1611 1 
678 2130 808 1138 821 1140 691 2132 1 
1164 2131 1506 1198 1520 1203 1178 2136 1 
123 1587 234 2524 181 2530 70 1594 1 
1112 1343 1987 1384 1985 1438 1109 1397 1 
837 3198 1758 3051 1760 3060 838 3207 1 
1294 195 1398 1204 1379 1206 1275 197 1 
1375 2347 1618 1474 1651 1483 1407 2356 1 
1371 2217 1608 2198 1615 2286 1378 2305 1 
1932 3447 2285 2498 2290 2500 1937 3448 1 
1329 1911 1355 2935 1341 2935 1315 1912 1 
1339 1150 1406 2115 1387 2116 1319 1151 1 
625 2057 939 2142 924 2198 610 2112 1 
1858 1566 1918 2580 1913 2580 1853 1566 1 
509 23 1185 687 1176 696 500 33 1 
682 2446 920 3377 900 3382 662 2451 1 
1579 1093 1759 220 1775 223 1595 1096 1 
1716 1416 1720 2436 1716 2436 1712 1416 1 
193 843 671 -1 717 25 240 870 1 
878 2989 887 1967 905 1967 896 2989 1 
1835 418 2010 1107 1885 1138 1710 449 1 
1528 3453 1833 2481 1849 2486 1544 3458 1 
1766 1959 1932 1114 1968 1121 1802 1966 1 
1240 1271 2204 1521 2201 1535 1237 1284 1 
1339 1176 1825 275 1837 281 1351 1182 1 
2261 1954 2313 946 2324 946 2272 1955 1 
1560 373 1856 1250 1839 1256 1543 378 1 
387 1506 1357 1489 1357 1511 388 1528 1 
1925 2662 2277 2700 2264 2812 1913 2774 1 
1202 886 1963 234 1982 256 1221 908 1 
1502 1522 1776 2471 1762 2475 1487 1527 1 
1341 2492 2305 2196 2310 2212 1346 2509 1 
1332 1777 1962 2513 1936 2535 1306 1799 1 
959 2222 1191 1238 1199 1240 967 2223 1 
281 2053 580 1944 623 2062 324 2171 1 
1276 1446 2086 1752 2075 1782 1265 1476 1 
1624 1101 2331 487 2346 504 1639 1119 1 
1519 2655 1523 1627 1530 1627 1526 2655 1 
1600 1041 1870 1973 1806 1992 1536 1059 1 
2224 2977 2242 2003 2248 2003 2230 2977 1 
538 2084 904 1274 912 1277 546 2088 1 
2336 899 2400 1839 2388 1840 2324 900 1 
1564 3489 2078 2617 2110 2636 1597 3508 1 
1343 278 1372 1280 1362 1280 1334 278 1 
1065 411 1368 459 1363 492 1060 445 1 
1238 524 2201 406 2204 429 1241 547 1 
1048 1331 1061 354 1066 355 1053 1332 1 
1728 2144 2374 2868 2358 2881 1712 2158 1 
692 3363 709 2336 713 2336 696 3363 1 
1763 3290 2205 2452 2258 2480 1816 3318 1 
925 339 1751 802 1737 826 911 364 1 
1497 1308 1776 1270 1788 1355 1509 1393 1 
868 452 1835 536 1832 562 866 478 1 
1575 2975 1888 2002 1891 2003 1578 2976 1 
-1 1934 835 1345 843 1356 6 1944 1 
1857 2037 1944 1032 1952 1032 1865 2038 1 
2353 1210 2462 2195 2458 2196 2350 1210 1 
645 12 1511 172 1508 191 641 30 1 
1488 1507 1943 2282 1915 2298 1460 1524 1 
78 1389 304 2130 278 2138 52 1397 1 
1923 1869 2088 2866 2083 2867 1918 1870 1 
1340 1929 1786 2832 1776 2837 1330 1934 1 
583 673 1347 16 1349 18 585 675 1 
1461 1241 1738 2221 1728 2224 1452 1243 1 
1933 2859 2313 1932 2323 1936 1943 2864 1 
1224 1602 1334 2510 1325 2511 1215 1603 1 
824 2451 1015 1572 1034 1576 843 2455 1 
483 1570 1222 2118 1149 2217 410 1670 1 
1289 1233 1348 297 1365 298 1306 1234 1 
797 600 1720 780 1709 834 787 654 1 
1294 1067 1295 2026 1287 2026 1287 1067 1 
626 3503 627 2670 638 2670 636 3503 1 
701 3275 1539 2799 1549 2818 711 3294 1 
656 2545 1588 2687 1583 2717 652 2575 1 
841 2613 1732 2484 1739 2533 848 2661 1 
2008 1975 2111 957 2127 959 2024 1977 1 
226 1565 1230 1773 1224 1801 220 1594 1 
805 2063 1823 2033 1823 2038 806 2069 1 
1370 2483 1940 3306 1924 3317 1354 2493 1 
4 994 73 2014 66 2014 -2 995 1 
378 90 1183 -17 1191 41 386 147 1 
273 831 610 957 581 1035 244 908 1 
2165 833 2167 1725 2150 1725 2148 833 1 
1258 79 1497 1019 1489 1021 1250 81 1 
583 2036 843 2986 833 2989 573 2039 1 
1874 1986 2083 993 2096 996 1887 1989 1 
89 1596 635 2275 609 2296 63 1617 1 
371 653 1385 717 1383 749 369 684 1 
477 1161 730 1193 719 1280 466 1247 1 
1214 2100 1883 2870 1880 2873 1212 2102 1 
1476 2224 1790 2371 1768 2418 1454 2271 1 
1055 2786 1747 3096 1738 3117 1046 2806 1 
1029 625 1870 635 1869 747 1028 737 1 
1476 3393 2019 2582 2060 2608 1516 3420 1 
1120 1762 1740 2383 1720 2403 1100 1782 1 
2176 1904 2292 890 2320 894 2204 1908 1 
2272 2568 2457 3492 2440 3495 2254 2571 1 
1248 2812 1970 3439 1908 3510 1186 2883 1 
1603 1241 1691 2229 1686 2229 1598 1242 1 
100 1250 131 252 141 252 110 1250 1 
714 1715 1471 1906 1457 1958 701 1768 1 
722 621 1107 -23 1182 22 797 666 1 
1913 1865 2233 1778 2248 1833 1928 1919 1 
976 2453 1097 3468 1090 3469 969 2454 1 
1555 1269 2369 1846 2338 1889 1524 1312 1 
386 3210 1024 2465 1053 2490 415 3235 1 
2038 2500 2175 3462 2134 3467 1998 2506 1 
493 862 816 761 841 840 518 941 1 
273 839 502 744 527 804 298 899 1 
391 2446 1063 3053 1057 3059 385 2452 1 
1051 1579 2017 1869 2012 1885 1047 1594 1 
1268 2531 2128 2670 2122 2710 1262 2570 1 
1639 3484 2067 2579 2073 2582 1646 3488 1 
1028 1310 1385 2247 1376 2251 1020 1313 1 
1744 2602 1859 1585 1869 1586 1754 2603 1 
29 364 137 1097 96 1103 -12 370 1 
58 2755 91 1747 102 1748 69 2755 1 
2205 845 2242 1872 2234 1873 2197 846 1 
1674 1304 1910 608 2021 645 1784 1342 1 
1554 1306 1743 353 1765 357 1576 1310 1 
59 2913 143 1916 158 1917 74 2915 1 
1841 121 1902 1137 1893 1138 1832 122 1 
1726 996 1839 1929 1826 1931 1713 998 1 
1041 2166 1297 3137 1258 3147 1001 2176 1 
21 3349 183 2422 249 2434 87 3361 1 
1454 1232 1773 256 1778 257 1459 1234 1 
972 1054 972 76 1006 76 1006 1054 1 
93 1326 271 361 285 363 107 1328 1 
568 322 1407 889 1406 891 567 323 1 
1082 290 1103 1316 1100 1316 1079 290 1 
630 2968 1590 3084 1584 3129 624 3014 1 
1187 2494 1862 1757 1871 1765 1196 2503 1 
291 2158 856 1311 869 1319 304 2167 1 
1849 827 2098 -3 2164 17 1914 846 1 
970 2665 1043 3477 1020 3479 947 2667 1 
1712 97 2252 908 2242 915 1702 103 1 
70 753 105 1778 102 1778 66 753 1 
703 1420 1229 2291 1218 2297 692 1427 1 
140 1686 1085 2074 1083 2078 139 1689 1 
478 2597 975 2455 1013 2586 515 2728 1 
857 2443 858 3230 845 3230 843 2443 1 
1572 1649 1581 2634 1573 2634 1565 1650 1 
1399 401 2391 307 2392 316 1400 409 1 
395 2073 936 2938 925 2945 384 2080 1 
1423 3236 2411 3130 2427 3279 1439 3385 1 
2436 3049 2476 2020 2480 2020 2440 3049 1 
7 1655 179 825 196 828 24 1659 1 
1370 3496 2143 2877 2161 2899 1388 3518 1 
31 1213 230 2159 223 2160 24 1215 1 
570 2237 783 2351 767 2381 554 2267 1 
28 3214 989 2968 996 2995 35 3241 1 
178 3507 219 2562 232 2562 192 3507 1 
375 1316 465 2323 449 2324 359 1318 1 
1348 2585 1819 1683 1833 1691 1361 2592 1 
1788 238 1888 1223 1862 1226 1762 241 1 
2444 1139 2445 2167 2444 2167 2443 1139 1 
733 3013 1528 2376 1571 2428 775 3066 1 
1250 1887 1722 2609 1698 2624 1227 1902 1 
2015 3177 2455 2310 2460 2312 2020 3180 1 
450 1393 726 1362 733 1425 457 1456 1 
1656 2305 1656 2949 1639 2949 1639 2305 1 
1004 2227 1826 2536 1806 2588 985 2279 1 
2240 2430 2242 3421 2235 3421 2233 2430 1 
2293 2996 2316 1983 2326 1983 2302 2997 1 
1370 1517 2247 1699 2221 1826 1344 1644 1 
59 1226 240 2228 234 2229 53 1227 1 
1144 685 2106 462 2112 488 1150 711 1 
2008 2248 2459 2968 2450 2974 1998 2253 1 
948 2015 1058 1125 1116 1133 1006 2022 1 
970 3503 1390 2599 1414 2610 993 3513 1 
342 3125 1009 3076 1012 3106 345 3155 1 
799 787 1240 -15 1278 5 837 808 1 
1309 2234 2288 2493 2282 2518 1302 2259 1 
179 1131 418 1163 411 1213 172 1181 1 
1513 2039 1965 1349 2006 1375 1554 2066 1 
1971 1961 2249 2936 2234 2940 1956 1966 1 
972 2028 990 3052 968 3053 950 2028 1 
1762 2213 1766 3223 1748 3223 1744 2213 1 
2424 2817 2426 3469 2330 3469 2328 2817 1 
387 3293 1386 3404 1384 3420 385 3309 1 
1933 2329 1957 1313 1962 1313 1937 2329 1 
681 796 898 856 886 899 669 838 1 
1909 928 1942 52 1979 54 1945 929 1 
2346 2461 2478 1470 2484 1470 2352 2462 1 
731 2102 824 3123 816 3124 723 2102 1 
1974 1873 2082 2851 2074 2852 1967 1874 1 
1298 1338 2057 1994 2042 2011 1284 1356 1 
1256 2599 2157 2487 2162 2527 1261 2640 1 
498 3024 760 2049 802 2060 540 3035 1 
1665 2762 2296 2386 2323 2432 1693 2808 1 
1958 2536 2001 3305 1991 3305 1948 2536 1 
1672 1108 2448 1714 2430 1737 1654 1131 1 
1390 114 1431 1119 1397 1120 1356 115 1 
957 173 986 1181 962 1181 932 173 1 
1860 1185 2339 2079 2321 2089 1841 1195 1 
2051 3445 2255 2702 2295 2713 2091 3456 1 
1395 2037 1742 2982 1732 2985 1386 2040 1 
1493 2188 2232 2509 2210 2559 1472 2237 1 
624 3147 1498 3040 1500 3055 625 3163 1 
19 2367 313 3331 307 3333 13 2369 1 
1908 2105 2002 1087 2009 1087 1914 2106 1 
34 245 959 568 957 573 32 250 1 
1298 1153 1604 2095 1591 2099 1286 1157 1 
183 2057 1108 1689 1115 1707 190 2075 1 
2168 3440 2359 2490 2382 2495 2192 3444 1 
2343 1895 2347 2805 2340 2805 2337 1895 1 
1669 2672 2023 2513 2055 2585 1702 2744 1 
207 2324 418 2206 438 2241 227 2359 1 
362 1102 524 2030 501 2034 339 1106 1 
1943 2642 2070 1637 2076 1638 1949 2643 1 
1100 1448 1462 2337 1450 2341 1089 1453 1 
261 2528 517 3506 503 3510 247 2531 1 
1545 5 1852 945 1840 949 1533 9 1 
1390 476 2388 246 2389 249 1390 479 1 
716 1083 962 1129 950 1194 703 1147 1 
955 2030 1133 2147 1068 2244 890 2127 1 
448 3433 1472 3491 1472 3501 448 3444 1 
2182 938 2456 981 2447 1042 2173 999 1 
392 126 1165 770 1162 774 388 130 1 
1424 2007 2252 2519 2224 2565 1396 2053 1 
135 917 392 827 403 859 146 949 1 
566 1826 1449 1508 1455 1523 571 1841 1 
973 295 1252 1267 1224 1275 944 303 1 
1506 494 2031 1190 1946 1254 1421 558 1 
854 1506 1566 2229 1536 2259 824 1535 1 
409 1621 1256 2177 1249 2188 402 1631 1 
521 20 537 1044 519 1045 504 21 1 
1750 1015 2233 115 2239 119 1756 1018 1 
1583 990 1763 988 1763 1039 1584 1041 1 
1682 2497 2395 1823 2401 1829 1688 2503 1 
583 3369 1400 2795 1409 2808 592 3381 1 
2229 1232 2274 233 2292 234 2247 1233 1 
2154 2283 2234 3172 2213 3174 2132 2285 1 
2449 551 2449 1580 2447 1580 2447 551 1 
550 2102 1251 2829 1248 2831 547 2105 1 
1938 3394 2000 2380 2011 2380 1949 3394 1 
34 -69 972 157 949 252 12 26 1 
1864 2553 2300 3460 2288 3466 1851 2559 1 
1018 2462 1066 3446 1041 3447 994 2463 1 
498 48 828 952 793 965 462 61 1 
480 1861 1276 1426 1284 1441 488 1875 1 
1257 1670 2282 1690 2282 1698 1257 1678 1 
814 1129 1166 1926 1099 1955 747 1158 1 
1946 270 2272 966 2233 984 1908 288 1 
1576 1293 2348 1958 2316 1996 1544 1331 1 
2240 2770 2361 1825 2378 1827 2257 2772 1 
910 1253 1110 604 1152 617 952 1266 1 
688 2491 938 3224 921 3230 671 2497 1 
2447 1670 2483 2697 2476 2697 2440 1670 1 
327 123 1011 858 989 878 305 144 1 
172 922 197 1943 189 1943 164 922 1 
1414 3037 1626 2066 1710 2085 1498 3055 1 
1865 3483 1997 2493 2002 2494 1871 3484 1 
340 557 1234 305 1241 330 347 582 1 
704 129 1308 940 1301 945 697 134 1 
1381 1178 1543 2178 1530 2180 1368 1180 1 
1042 225 1344 1182 1341 1183 1039 226 1 
1844 2979 1856 2238 1883 2238 1871 2980 1 
2187 3044 2436 2139 2451 2143 2202 3048 1 
689 1852 1395 1179 1414 1198 708 1872 1 
1482 3135 2440 3451 2423 3504 1465 3188 1 
2383 149 2386 1156 2384 1156 2381 149 1 
514 2505 754 2665 708 2733 468 2573 1 
1097 1144 1780 409 1792 420 1110 1155 1 
528 3448 818 2472 903 2497 613 3473 1 
2323 1170 2345 226 2350 226 2328 1171 1 
631 2148 1321 1561 1336 1579 646 2166 1 
1426 574 2410 526 2410 539 1426 586 1 
1740 946 2016 1021 2002 1075 1725 1001 1 
1488 2600 2279 3216 2272 3225 1481 2609 1 
1858 3373 2040 2367 2049 2368 1867 3375 1 
1343 1163 1624 2118 1613 2121 1333 1166 1 
-127 998 347 348 484 448 10 1098 1 
433 1349 697 1205 718 1243 454 1387 1 
466 2196 1190 1639 1197 1648 473 2206 1 
1890 2130 1919 1273 1943 1273 1914 2131 1 
1474 2302 1628 3159 1593 3165 1438 2308 1 
2327 3379 2334 2413 2348 2413 2340 3379 1 
1541 1056 2199 311 2220 330 1562 1075 1 
1878 3411 1888 2444 1903 2444 1894 3411 1 
1888 1776 1942 2786 1921 2787 1867 1777 1 
477 3302 1131 2520 1136 2523 482 3306 1 
1642 1137 2058 2064 1999 2091 1583 1164 1 
1216 1192 1291 2098 1278 2099 1204 1193 1 
1452 1594 1655 2572 1643 2575 1440 1597 1 
534 2892 814 2064 889 2089 610 2918 1 
1124 3429 2092 3113 2096 3128 1129 3444 1 
2364 1870 2483 2878 2477 2879 2358 1870 1 
755 1700 1498 1267 1510 1287 767 1720 1 
317 2780 1311 2867 1309 2879 316 2792 1 
29 1500 73 558 78 558 34 1500 1 
